100 5 500
355 278 273 323 248
152 149 133 89 393
319 102 449 384 416
363 152 486 180 40
398 378 64 98 194
32 380 364 98 294
487 49 296 191 366
401 215 456 478 170
279 130 21 97 151
263 471 153 105 474
260 490 79 78 61
194 231 130 368 341
354 73 291 467 376
78 399 422 110 126
317 6 353 137 67
467 205 128 489 129
269 183 288 480 343
154 378 475 283 99
385 90 167 500 156
313 338 479 423 428
351 131 24 448 13
252 339 424 443 330
284 472 22 266 104
391 242 152 392 398
250 42 95 138 283
257 137 182 17 457
226 83 382 237 59
275 128 273 438 197
192 462 135 464 469
275 225 295 470 432
381 265 186 208 76
120 478 155 227 165
63 231 169 380 264
292 370 422 335 247
468 413 301 71 284
316 447 58 480 454
159 9 54 124 323
231 358 362 23 411
23 455 239 253 301
166 37 222 47 395
127 422 492 8 60
75 229 460 137 456
93 500 229 320 348
196 319 51 245 97
82 218 236 242 45
253 363 302 211 498
273 57 102 435 210
405 69 484 77 41
134 23 56 118 265
139 452 183 370 398
152 77 388 145 228
413 134 164 78 170
308 407 436 429 80
497 343 41 405 44
490 364 22 224 226
435 80 12 71 13
207 473 199 208 491
487 483 298 213 231
185 434 52 473 199
44 158 472 281 75
357 459 368 408 37
50 155 19 173 424
374 352 403 309 240
267 328 338 402 155
201 142 340 379 96
168 405 148 153 168
180 442 321 293 239
141 35 406 79 189
231 468 347 137 76
240 38 266 360 81
336 460 146 250 377
122 197 230 490 20
119 198 187 125 151
88 240 277 487 330
311 164 13 207 326
315 270 245 459 494
184 254 307 109 218
45 309 205 412 158
17 446 105 50 258
242 174 442 308 253
446 372 192 188 435
182 1 131 14 41
49 416 272 400 321
274 12 59 40 283
445 450 392 18 317
436 258 227 279 76
401 102 141 350 94
212 120 133 339 324
79 265 397 78 491
93 200 483 15 59
409 206 39 143 270
290 312 266 293 344
285 376 356 65 292
359 319 498 480 43
497 381 457 335 382
408 63 104 116 203
42 397 39 125 286
429 349 107 281 18
12 115 164 123 165
135 17 10 51 11
