1000 3 1000
150 306 670
891 519 203
189 885 133
122 976 295
725 449 194
449 898 725
31 249 97
280 389 161
107 633 802
553 545 947
545 682 254
786 223 801
645 126 131
777 913 772
64 346 195
617 355 314
879 377 35
517 257 149
738 566 832
64 300 64
407 141 152
799 920 283
446 333 149
178 947 434
31 582 521
59 956 399
320 526 281
384 463 927
40 521 816
772 526 923
503 525 370
29 60 597
991 435 210
728 886 162
731 944 926
867 172 697
313 847 82
228 726 551
738 204 715
5 706 43
493 93 837
491 402 548
554 727 295
696 121 811
480 501 688
483 902 109
697 584 765
262 370 439
735 58 544
571 427 180
383 779 258
700 333 726
83 633 75
845 705 386
893 982 70
80 823 78
115 728 314
979 867 884
744 254 186
357 19 811
50 531 562
442 733 90
250 432 508
731 52 168
949 81 723
875 105 249
142 672 190
985 124 868
70 472 160
16 148 48
84 654 92
878 432 698
472 762 900
765 447 825
600 689 441
601 494 500
725 79 538
184 312 850
233 811 51
964 238 179
261 198 451
236 640 544
423 297 411
87 826 259
515 906 311
132 178 734
663 278 746
84 294 667
49 628 165
294 953 988
958 264 989
675 271 560
616 525 643
706 505 766
352 468 634
138 176 560
419 60 493
384 575 901
440 349 746
217 103 358
585 788 333
916 546 336
488 37 783
571 530 648
577 784 357
544 387 128
827 220 924
961 141 788
900 376 166
510 742 595
356 513 49
773 990 129
956 314 780
931 280 253
452 233 954
533 280 598
153 828 617
300 607 495
380 216 797
842 13 44
559 460 221
280 919 526
976 386 343
406 273 803
577 841 394
345 358 822
926 223 26
302 63 163
70 460 936
120 202 300
858 346 15
457 9 474
270 71 135
429 920 563
990 684 279
362 277 202
980 784 648
605 268 26
420 541 346
492 516 849
139 676 785
501 880 582
994 697 726
875 147 394
583 642 771
729 803 942
738 592 754
593 758 483
233 801 207
574 756 683
559 40 125
166 48 139
12 920 41
136 971 287
964 970 8
564 823 56
141 8 174
720 439 779
491 666 692
803 954 388
996 84 579
879 783 600
486 314 759
416 919 480
480 293 373
285 257 157
810 613 602
651 815 725
237 137 391
796 437 505
643 625 11
869 345 446
255 300 46
531 177 527
217 762 420
88 807 520
800 517 28
272 712 171
616 773 196
700 895 920
845 344 140
949 247 409
259 983 33
29 947 218
342 624 363
965 284 880
844 610 226
262 505 857
41 453 423
179 477 581
370 499 480
636 569 731
223 580 718
736 812 508
900 924 410
783 225 33
515 946 865
129 514 702
533 115 346
437 362 870
581 556 256
295 376 67
496 618 230
477 229 253
273 602 483
836 452 64
628 961 350
290 765 182
534 110 836
215 18 363
495 782 519
899 662 179
558 668 246
170 893 788
436 265 409
248 366 776
800 559 421
321 999 652
763 407 712
939 829 248
115 676 994
98 987 522
429 682 572
901 790 644
230 711 282
707 315 172
700 479 278
110 283 690
5 392 728
467 388 561
744 800 162
894 258 186
936 291 949
492 912 851
433 410 941
141 237 383
51 71 411
482 46 293
397 972 916
524 252 591
823 153 2
520 48 718
936 743 788
46 166 658
287 67 151
947 296 705
79 813 684
745 982 5
216 401 22
961 29 124
755 780 187
236 41 401
873 476 142
904 381 283
909 639 169
571 763 550
815 43 781
278 803 88
710 841 546
166 510 767
244 340 728
479 295 51
596 111 746
912 139 788
544 961 743
783 746 367
785 151 688
406 681 215
980 544 442
494 433 931
212 1000 763
932 969 49
509 688 741
807 884 231
546 210 987
908 884 631
106 789 356
425 463 746
534 172 345
264 407 876
556 831 671
732 139 304
295 251 658
495 164 67
241 700 510
227 525 842
509 897 349
76 825 60
930 650 679
160 992 59
663 320 233
717 346 186
362 837 725
665 313 971
101 577 398
301 901 294
644 382 420
379 238 380
830 29 667
979 817 753
158 611 665
276 596 553
161 402 297
656 449 630
161 639 974
204 688 247
777 439 686
194 105 79
309 64 162
518 984 115
938 724 542
819 874 291
876 809 768
72 215 874
388 152 321
174 215 973
769 927 588
296 945 226
470 778 396
263 533 828
5 241 800
196 886 689
466 487 574
787 916 182
346 578 366
177 942 328
117 6 385
379 629 79
133 437 602
911 520 454
506 276 950
156 956 883
257 178 283
669 492 15
383 287 481
796 701 893
235 535 597
677 761 425
488 532 502
488 270 944
209 258 333
792 640 694
119 756 261
266 408 469
802 973 483
567 175 616
381 778 64
619 682 269
221 148 365
519 290 162
552 365 502
399 132 194
539 674 843
600 280 255
531 308 81
289 94 927
988 102 147
445 894 193
64 120 899
876 459 467
276 969 567
790 63 185
583 34 37
368 532 501
947 560 691
747 856 881
279 296 488
944 751 34
650 334 412
497 924 472
540 589 13
945 277 825
174 884 504
916 925 862
415 116 813
6 374 363
12 433 621
576 922 599
943 470 972
216 473 252
672 245 299
322 671 711
105 988 216
673 960 923
904 137 780
707 866 253
600 334 479
57 42 115
396 259 626
925 565 107
615 357 485
284 159 907
122 553 975
979 697 96
949 911 331
168 660 177
454 248 607
455 775 920
947 54 206
57 251 768
872 764 436
641 645 709
969 614 233
809 284 14
727 806 577
764 317 342
238 988 456
799 149 520
854 105 253
575 652 59
754 480 416
754 1000 287
281 869 33
428 881 896
112 197 148
30 349 802
443 128 986
320 731 808
80 747 991
107 89 868
540 281 757
286 736 877
960 486 500
150 589 216
445 962 367
626 778 266
423 542 625
897 511 178
414 888 890
442 759 250
221 637 549
841 217 386
343 70 656
506 187 865
864 745 12
875 588 590
286 255 603
10 284 175
801 410 723
232 368 959
864 219 71
544 63 317
212 176 686
36 645 450
676 927 926
24 814 921
683 692 483
758 984 815
769 201 799
100 761 573
807 221 775
896 692 520
605 381 253
261 485 644
262 104 771
948 30 920
371 633 685
632 786 881
580 415 663
450 153 402
757 757 936
733 663 477
205 790 226
80 369 397
394 35 39
183 602 418
71 28 545
459 471 656
274 775 920
423 497 333
429 590 568
349 670 464
557 588 337
739 273 971
514 280 474
769 77 438
8 714 310
574 303 951
921 981 634
382 638 315
513 131 727
986 460 355
199 421 143
866 753 455
325 464 137
396 235 349
604 663 162
49 887 169
496 16 408
580 533 91
212 499 17
106 392 406
107 465 149
167 224 938
932 556 884
723 6 415
711 175 611
466 906 106
572 741 30
421 86 117
563 211 4
900 329 401
108 510 23
844 300 241
717 683 503
3 843 172
450 918 366
290 958 33
151 941 266
365 670 562
880 28 972
159 520 720
187 462 118
394 377 526
568 699 443
770 103 168
383 748 561
92 59 654
803 726 149
659 478 349
159 798 572
566 515 193
528 467 148
53 454 172
190 252 565
144 81 502
35 239 891
247 598 189
415 718 615
621 103 881
406 193 430
699 627 283
291 642 651
452 789 443
633 98 691
59 382 731
439 986 987
936 739 124
91 599 1
651 337 860
946 713 766
829 199 777
91 683 652
680 338 236
310 318 320
540 144 360
349 423 4
445 137 533
677 953 4
645 820 388
957 50 971
733 993 221
657 683 300
188 787 893
744 702 50
201 220 675
88 519 773
409 92 137
484 650 770
27 489 51
965 26 609
395 792 162
581 3 708
108 670 544
594 67 235
99 410 311
776 341 372
76 59 547
56 480 222
298 909 764
498 511 610
159 170 321
22 354 974
613 600 614
748 450 125
752 757 218
131 529 468
249 985 644
101 698 653
385 408 269
810 200 524
902 520 398
207 587 815
578 759 47
510 786 484
653 786 943
707 618 140
540 784 133
388 909 947
882 956 206
173 188 403
61 617 414
112 693 382
704 700 954
37 738 552
964 347 520
439 333 879
205 214 247
208 353 245
765 264 709
916 966 228
286 37 274
454 127 327
441 893 600
117 569 309
302 619 661
120 303 257
407 517 403
432 604 325
461 412 229
652 701 30
878 715 735
314 469 843
217 606 919
990 750 878
102 217 473
674 16 509
449 737 947
360 353 559
224 686 10
825 419 531
606 385 654
132 719 312
999 93 374
669 507 554
267 820 154
675 133 166
474 75 978
12 334 244
538 591 699
588 815 572
203 573 822
605 557 875
191 655 931
131 215 387
303 209 332
37 807 917
338 79 401
298 472 54
623 681 276
394 474 889
350 404 582
884 924 74
66 952 214
571 413 635
342 392 284
944 678 22
114 997 305
443 405 264
717 262 439
9 64 935
275 699 567
824 785 627
923 418 492
768 169 219
214 674 989
131 970 76
142 70 834
621 991 568
934 292 437
800 836 994
982 44 240
359 376 435
319 718 117
730 236 115
690 940 823
963 824 379
760 187 46
356 49 810
335 467 670
664 912 263
211 893 309
251 389 314
644 932 657
251 144 503
896 673 757
529 605 328
91 742 2
821 683 107
202 986 11
158 184 875
587 797 268
776 719 275
269 623 661
475 990 231
94 806 408
331 517 404
778 335 422
862 397 552
55 810 218
753 502 985
157 68 371
604 500 16
527 707 110
702 643 792
633 996 463
222 761 617
206 384 841
280 7 476
532 72 106
569 787 495
302 732 753
418 68 271
548 815 884
78 657 963
781 665 390
646 938 599
919 8 71
472 636 823
265 789 713
446 863 664
546 36 204
646 660 182
818 688 427
899 543 842
948 232 317
710 276 154
405 695 519
145 24 942
614 342 804
39 156 127
875 790 550
961 963 515
640 833 302
222 895 585
105 442 156
830 328 893
975 472 201
906 210 807
730 212 799
111 981 875
567 64 175
570 4 507
333 535 528
787 501 582
360 184 904
186 674 631
566 645 192
99 520 462
190 494 419
877 412 812
107 283 415
474 227 819
160 965 251
567 626 808
908 642 339
947 682 840
761 749 59
187 430 10
205 465 713
281 736 532
782 836 235
699 962 885
62 692 564
860 156 282
460 163 557
698 795 476
570 564 904
310 404 686
716 597 694
483 862 257
264 447 156
289 365 414
277 462 224
167 515 334
384 459 562
857 540 223
460 612 976
445 850 320
434 61 433
31 270 720
168 366 530
741 441 524
407 831 499
591 811 91
289 574 859
754 557 543
787 954 603
781 94 405
678 906 124
489 184 932
567 578 196
958 950 945
452 55 37
923 449 555
638 432 92
570 321 535
874 987 173
141 711 907
960 684 992
301 954 562
618 887 211
274 913 728
773 611 638
695 218 742
942 279 723
602 317 632
189 771 155
702 27 69
505 546 735
681 575 800
102 141 367
593 674 320
223 755 52
595 301 775
600 978 128
896 302 153
912 868 209
789 870 784
414 157 24
326 713 670
667 456 456
251 539 50
851 255 119
736 760 170
359 192 679
199 737 642
316 588 80
853 565 597
465 331 585
581 408 141
986 73 892
727 608 653
404 940 205
832 764 536
684 767 337
120 762 940
218 664 71
363 750 885
79 919 560
359 317 997
802 55 962
516 922 400
792 21 533
580 839 688
38 738 443
843 636 369
967 545 176
428 432 190
360 703 64
314 345 217
682 613 554
738 434 874
452 295 211
5 178 341
325 330 197
449 430 382
283 534 13
883 752 802
746 336 673
814 847 738
463 518 230
906 569 890
588 797 633
884 265 377
546 362 251
404 654 916
157 732 868
577 158 946
924 830 321
672 574 96
867 26 980
19 948 911
753 874 510
858 263 563
846 525 915
205 65 803
177 923 830
746 866 892
310 756 375
662 103 146
675 744 228
95 199 217
283 865 29
286 118 102
426 682 907
239 51 754
361 519 211
658 90 6
640 446 787
550 395 819
937 543 851
978 975 988
664 622 779
828 984 783
236 274 472
948 321 768
330 44 484
818 639 215
199 327 300
510 913 156
90 419 615
343 70 623
672 573 469
547 695 821
701 393 346
794 95 790
708 846 979
680 256 363
556 712 68
307 315 217
119 296 149
942 659 279
449 848 946
582 738 839
711 697 794
83 821 891
322 611 222
28 76 677
587 463 993
705 412 522
847 687 917
78 11 772
233 827 542
625 942 963
148 438 825
333 471 101
971 441 840
871 116 586
675 688 118
994 278 157
646 838 201
778 711 25
810 26 95
151 483 480
686 634 291
71 968 925
701 535 177
688 446 309
765 511 980
397 529 631
864 378 510
327 779 853
540 420 996
449 637 943
681 816 653
152 254 336
77 943 182
614 121 361
703 863 543
837 422 970
788 885 870
370 370 348
638 573 592
103 222 291
920 640 675
98 821 636
576 608 348
747 237 853
60 755 471
69 832 756
764 227 560
730 93 146
593 706 885
827 848 410
722 18 773
24 516 421
800 847 278
874 818 563
480 405 1000
812 715 906
190 137 971
115 551 925
443 95 122
914 308 834
308 407 41
159 65 443
535 902 779
1000 101 84
637 979 759
880 690 751
39 786 433
716 387 175
677 63 135
605 467 781
546 229 213
903 507 314
174 318 658
722 918 781
423 127 204
954 491 172
211 220 174
71 32 725
340 619 461
819 916 289
905 696 825
361 274 16
251 497 431
999 400 3
902 621 220
81 590 250
353 822 3
241 938 654
88 710 468
611 872 885
528 444 133
383 907 303
783 77 159
429 296 2
423 384 568
