1000 15 5000
2019 1984 1330 1232 1707 2433 4164 343 2611 3093 1458 1750 3087 1699 3826
2560 2142 1890 846 3985 396 1149 2868 1823 1329 1685 3726 2698 2898 4711
785 41 367 3247 830 2266 2064 257 3651 2681 3623 4772 703 4817 3512
1951 117 3978 2937 4130 1233 4193 38 4412 2068 3351 2732 2220 443 114
2305 4508 2411 4879 4136 3093 1413 550 2406 93 477 4951 4118 1235 1881
1979 1898 3106 2232 199 40 2172 2932 2326 529 847 1996 837 4583 343
202 1570 2584 3393 2934 3771 4645 2430 1777 1135 700 2960 1322 1929 790
3847 3712 2379 41 4890 4800 4372 20 4576 292 4475 2754 4386 292 4009
2985 2108 4066 1245 4302 4562 1369 1989 3612 4813 1117 2459 2658 2747 3864
2667 576 675 2382 4718 4932 417 40 941 2009 1103 2919 585 4750 4750
624 4239 1458 535 1738 2792 648 3601 1545 3307 4587 1202 2078 1031 941
2910 257 1923 4698 1134 4448 1794 3610 4050 3998 1023 3068 1666 4849 4176
813 4917 1929 3760 3661 1081 3228 1802 331 4974 3950 1571 2227 2200 4805
1446 3883 4374 705 1155 862 1671 1496 3530 2864 3834 850 340 544 1016
865 2440 590 3380 207 1868 4630 3203 1548 238 845 2270 569 2606 3818
2599 975 1435 2677 2259 4433 3793 369 2372 2646 3102 4823 4649 2044 4704
3526 1005 723 1411 4931 3024 1108 2223 1421 1516 1981 4919 4626 4139 3575
1700 2551 3570 2911 1850 4229 273 1379 3432 2418 3481 74 9 2475 762
2906 675 604 1496 1510 4565 4949 2645 2217 1086 4412 4343 4121 3571 1790
515 2457 4456 1368 583 4276 1600 2134 1715 3245 2352 1644 628 4967 139
1906 3591 390 1369 25 3905 4572 3940 3106 24 660 3572 1286 2601 4585
3421 4328 3801 2784 4850 3273 2337 1399 3856 4646 2061 3903 3069 1015 886
4015 3371 1024 3717 3590 4171 4024 2267 3222 914 803 356 4816 4479 2022
2693 589 1691 409 3025 2320 4915 2666 2394 2855 3531 4582 1352 3735 4845
4212 2609 1893 1631 847 1144 4342 3879 4407 3991 80 1744 3693 4391 4499
267 4708 1945 976 3622 4308 4027 1847 2430 1667 1464 3970 3388 4239 680
4427 44 4051 4654 110 136 3932 4098 3244 4488 3216 3562 4587 2545 4651
4730 1004 1154 926 1432 1186 791 1723 104 2825 1549 350 4522 3364 3479
3767 3495 3451 1670 4747 1128 3882 4200 3235 1365 399 3659 2502 1096 326
2587 1787 1799 3963 2087 2458 1905 730 2431 3889 1878 961 610 3599 1720
4141 910 3445 936 3880 1236 4915 1385 4144 3447 2953 2339 1491 2199 4377
745 4731 1582 2201 3487 1994 1071 3893 3417 4654 1291 4762 1630 3509 1008
2470 4570 628 3693 4914 717 1659 618 2149 4208 3140 2555 1187 1303 2711
1268 3477 1183 1286 2224 1127 2866 3021 4322 4051 203 3455 718 4218 1440
3445 1441 1133 3096 2607 2392 1841 1104 2379 3462 4931 139 4187 762 1960
4785 4652 1268 1454 1681 2036 1897 4224 1096 4774 204 1717 630 1078 2384
4549 2139 4210 1697 1955 409 1146 1556 1813 2834 4350 2484 2024 61 1089
4111 4248 4151 3115 800 560 3397 3124 2783 2637 3958 1362 2989 2595 2614
2796 2595 4605 3972 1224 900 3105 4263 684 3328 4424 3362 1095 4459 1037
3801 4493 1010 4530 4075 4185 1667 997 2412 2563 2674 334 153 2494 1499
3918 50 4868 1775 4681 3825 1508 2934 4876 4596 1696 2482 2042 2350 2807
3639 3592 4214 1083 4924 4162 2943 2050 1271 2821 4492 4242 2856 257 76
1810 2783 4940 1487 3368 3656 3144 1313 4393 1661 2952 3940 2919 4272 4529
4213 4190 4785 4590 954 408 2810 66 4099 240 2502 4376 4017 1050 4978
3456 2901 1538 1923 2189 97 2521 1137 2247 3404 4799 1099 2917 4513 2185
3104 4898 1424 2459 241 1375 2524 4934 2252 4525 1866 3587 4730 3209 346
2877 2889 4889 2453 2001 4913 3225 3961 2230 1927 1221 1531 3617 4168 3408
1042 4388 3850 1892 55 3618 806 4451 4351 2367 3805 4625 4143 3357 1004
3473 4180 3240 4281 2359 4460 3111 2431 4865 2349 2481 1641 3147 3043 4430
4337 1974 4337 1252 2112 2064 356 4082 3052 2037 3232 4171 1413 1202 3111
4755 2728 1156 4689 3077 1867 4007 3179 4884 2159 2669 4191 116 1252 2588
179 743 3620 4391 2748 424 1551 3971 4012 2096 4568 2453 3538 3427 4590
3646 3738 1414 4042 3605 418 4031 1662 4693 3179 82 2818 4182 2471 4105
884 3529 1325 3618 1836 2712 1537 3754 2677 2163 393 4298 956 1274 1527
3872 354 1604 1627 2736 3062 2833 4782 3245 285 369 2131 3458 745 4199
2136 3536 2859 3668 4057 3535 3248 4887 3229 3434 4313 4122 1483 395 1703
4956 4875 4183 3715 4502 3667 2806 1856 4117 4606 351 2659 2973 1530 2178
4708 2292 3333 679 3865 1287 2609 1460 1240 1817 64 4439 1899 3025 3421
4515 152 568 2675 4453 536 1036 1375 1555 1784 3395 1095 10 1983 4003
4200 4392 2858 3956 2341 2980 587 4490 2493 568 435 101 469 4543 1595
3326 2523 2505 1808 1422 2004 1434 2694 2367 4870 4411 498 2153 3244 4546
4435 4721 1121 4494 2932 2747 4544 4548 1989 750 1714 1916 1986 1291 2556
4834 3007 4728 584 1254 728 4268 2883 2752 998 2890 3734 2415 4662 3618
249 204 1108 4900 584 2724 4411 4978 3376 1463 2236 3196 4800 4716 3584
4758 1375 4966 3827 2664 715 1259 1207 2931 3514 2965 3177 1437 3764 231
307 1653 1839 1359 2290 286 3274 241 626 885 3505 2582 2158 226 1374
1639 1702 2622 2069 4197 4929 2809 2610 2601 4740 1155 3338 89 4360 4340
354 1248 2079 3977 599 1609 4527 1516 3395 1502 251 3445 1706 4144 635
757 1570 2751 2363 929 1200 1594 2985 3684 4290 2690 554 332 4637 105
2310 407 2950 2212 355 4699 2548 3174 243 2061 942 1971 1689 2929 2414
2649 2886 1889 3832 3844 34 4463 959 3053 1181 4514 3988 3863 904 131
1626 4292 2398 3182 2699 2165 4625 568 361 3911 878 4255 583 735 888
108 2488 4705 2380 4215 797 4934 2899 3739 1530 1034 2065 2511 62 4328
1576 848 4346 3239 3604 4328 12 4966 4234 1749 2533 3379 4801 3572 1108
1229 432 4775 2753 4969 3941 591 2555 2173 3716 642 3764 3308 4512 2457
1020 1698 200 1341 71 1065 2797 2675 2616 447 3749 3422 451 3913 11
3132 1111 1992 2139 128 1491 3452 2756 2482 2468 2197 969 960 4105 330
54 508 908 2092 2911 4336 703 595 1825 2537 98 54 2157 4493 3784
1280 3206 4313 376 4439 36 1400 651 4755 2278 809 1010 2539 717 4023
1057 3639 3672 217 1679 3845 1925 2148 2179 2672 440 3503 4856 855 1768
4510 2762 721 4749 3667 1706 2765 2627 2585 3306 2184 3984 796 1532 626
4752 4526 1638 2653 1822 1731 3675 2063 2329 1866 2695 4490 2254 1515 4721
1689 634 3654 4693 1461 4798 1909 4066 4341 33 4195 4725 1909 2180 2972
3229 2371 4302 2028 4751 2080 730 302 2635 4257 3291 1755 2634 2230 163
2506 1535 1576 1561 2558 1578 234 4282 4118 4822 3060 3610 729 3014 676
4456 511 4801 3311 4389 4567 3203 3652 1036 4434 1983 4242 2126 3300 4038
637 178 2328 3960 4051 2863 449 1619 4358 741 1329 4483 1113 2037 49
4653 1638 1776 2852 3765 2881 174 4707 1258 3619 1219 2116 4514 2507 3702
3866 2092 3683 3546 1043 3177 4468 5 2799 1587 938 2922 4802 4428 1422
3095 4165 4097 3641 2329 949 2380 1079 2843 2481 1890 3713 3175 2456 303
4064 53 3347 3915 4417 3700 3349 1035 1746 2261 3381 2801 1996 2450 4481
1787 2288 2880 3260 757 1285 2970 2788 2031 1630 830 800 205 890 3509
2378 981 2703 773 2990 3356 4868 55 2233 500 4018 4145 1239 3538 3071
4106 863 348 4326 2748 2224 4280 1243 997 1535 1146 2633 4543 1066 3145
2501 2385 1825 4781 1529 18 3038 4476 4337 4083 1996 1614 4181 849 573
3059 2965 4967 4977 2119 3162 485 1394 3849 512 3102 2081 4436 1751 1926
2168 1423 2268 2585 1891 1944 1846 1592 3958 1343 3516 2094 53 339 523
4590 3073 4934 1608 2268 150 234 2075 711 1694 2062 2000 568 3493 1570
744 1688 996 3233 3931 3403 1879 1999 2122 3636 2429 3950 3780 2207 442
1878 1738 4841 2932 4982 2389 694 1823 1102 1160 2908 1369 3595 3136 2370
395 2416 3929 4542 760 1837 2385 2110 1827 4476 3738 2376 2403 4228 307
1689 2364 4872 2147 3637 1026 933 1080 3191 2072 3434 1332 2906 2471 510
3661 3495 2578 388 3001 2327 2770 3998 3845 894 168 803 1262 309 4637
1357 3252 840 526 2697 1457 4815 4675 2253 117 4191 4651 2979 3034 1215
3613 1278 1160 3452 3025 954 918 2344 1709 1382 2332 3466 4945 4962 4949
3233 530 4521 2183 2533 4614 2030 327 3430 1062 3007 3791 490 1196 1361
4948 2629 953 2999 3592 4572 3743 2497 3324 4893 2556 631 3358 2067 3896
888 3197 1197 4020 2991 1074 120 1515 364 4406 4641 942 1145 4421 3375
1646 2839 4255 2764 2467 4356 1373 2399 1803 1284 3295 3918 1530 1491 3590
3441 3814 4827 3259 3880 3568 2080 3090 343 4460 2327 4888 745 3687 4527
1850 1787 3556 1073 2515 3540 3949 1712 1362 3003 3670 499 1534 198 4537
1578 2784 3636 4275 3097 3573 4197 4570 2743 741 4865 2048 2922 4645 3670
3308 1988 4885 283 2832 4758 1110 2680 29 2006 936 4038 707 3727 2266
165 451 2905 2371 1230 2826 4531 3978 435 530 93 3101 2304 1707 1904
2077 4435 4300 2199 4349 1417 905 996 2176 2053 3423 4731 2620 1444 2718
2831 114 2247 3255 2709 858 4335 3393 2445 777 3537 462 611 3723 252
1024 3521 3122 337 1247 4612 3144 3664 3485 4866 454 3960 4613 186 775
4849 4625 4610 1806 2216 1617 3525 3714 120 4571 2041 3607 2387 2781 83
3864 584 984 4062 4320 3405 3117 1115 1049 3240 4355 320 4554 2210 741
3720 2173 3070 2877 2346 3533 1132 1393 4482 985 4524 881 2476 1155 1468
573 3672 4575 4804 2970 112 2402 2079 3562 4916 2189 541 1470 4907 2041
957 2269 972 1 4810 3427 4800 1876 3802 1356 4178 1924 1942 4445 1035
4402 490 2007 2048 2791 4430 2266 3579 1182 3889 1631 4026 2966 3953 3903
1690 4714 2850 4622 2506 4733 3 4298 2977 4140 2437 3774 4917 4589 4064
2837 2089 4525 4321 1639 1174 2657 2490 608 3341 4432 2724 886 4051 3339
3281 4695 2577 4655 657 762 1084 1562 658 397 4988 3532 2179 2945 4528
42 2270 818 3944 2656 3160 1931 1477 1849 3978 1385 4693 4990 907 236
821 4231 4905 373 4901 1502 3088 2632 3497 3 3163 2520 4236 341 3512
2999 3658 2870 3633 1571 158 3178 4453 3782 1777 861 2476 4979 3993 1845
559 49 4131 92 3983 1955 1537 514 2744 1241 3746 4837 886 4420 858
3563 2567 4945 2918 2014 2440 2982 2020 1060 1110 3040 4823 207 1193 1178
1563 2234 492 1125 3528 4818 3379 2676 3998 680 1465 3856 4738 3009 4578
3 3996 1167 4603 462 3541 4980 547 4372 4691 1893 3725 792 568 282
328 3930 2277 2160 814 4222 3985 303 95 892 3879 1499 4132 1939 4110
4148 2883 43 3860 1239 4133 2543 4845 2146 1350 3090 943 3266 4676 508
4946 2773 4307 3664 2145 4401 393 1727 1057 1490 1470 2600 923 2735 741
1551 686 4221 1029 2692 4649 2892 3746 3476 4972 2698 2471 2089 2438 1550
2941 245 1514 1244 3638 3389 2997 995 4105 1846 204 182 4291 1099 330
2783 5000 27 2073 2441 3927 864 2608 4112 11 4251 3698 1247 228 4264
3875 3557 4092 1753 3836 4302 2688 9 2484 4737 1502 2310 2597 4469 730
3599 3667 735 989 2548 3143 3419 1187 2540 3734 4163 2172 423 4997 2386
4447 1971 4477 874 1090 3508 1603 2219 2078 726 1770 3662 1867 2076 3661
3378 3540 2319 3751 4990 391 3467 1462 3012 1655 263 871 1614 4541 3616
4951 1917 445 1016 4356 4941 4343 2430 4151 1421 419 496 10 1324 2250
4557 1818 517 4931 2696 4795 2856 1156 232 4893 872 2498 2289 1306 3317
648 1057 1609 1298 2797 406 1954 2834 4875 4776 4646 2639 61 3656 2303
2033 1215 4269 1992 2503 2187 137 2003 1822 4417 1343 3853 2090 4170 1694
1413 4768 3251 3502 4934 490 1609 3807 2804 1089 1332 4698 3340 2308 2712
1465 3596 930 2296 1953 3626 2800 4127 961 3548 3261 219 4025 4435 1342
3059 1319 2580 2056 2318 4899 2638 3635 1810 2865 890 3649 2250 4944 3670
3015 4546 3013 4775 4106 1802 4883 2417 3131 3311 1416 1843 2437 2691 2463
1137 3139 4029 3201 2266 259 4157 4116 3812 1545 4897 1326 1070 2427 4838
1839 55 957 3911 4139 2416 3578 2162 546 2996 2492 2128 347 952 3574
189 2763 2472 1884 4939 3717 3529 3726 2737 112 3622 3680 3832 1929 3618
677 4849 4126 2380 4554 3691 1627 3232 752 1545 1005 2036 347 4627 3
3157 2239 3423 4560 2071 3553 3023 2065 647 4349 1928 1487 3153 785 1898
783 1907 629 2474 1916 3992 142 560 532 2307 848 4603 3414 558 1251
3721 2182 2972 680 1882 180 3079 3973 4058 4275 2043 4119 2093 4952 3063
3460 590 2975 3510 3027 902 623 1878 1649 2049 4899 3809 4175 3381 4363
4071 191 539 4931 3655 3208 969 3766 3962 3209 1261 3732 3983 1580 1065
3190 4528 2432 4368 4286 1992 2688 1388 4704 402 3883 3210 210 21 3220
2426 4694 2038 1428 4695 2148 3363 3902 1864 4244 1864 3075 367 1735 2375
2529 3650 424 3996 1102 3527 4980 822 3995 4925 4591 4225 924 1627 4374
4987 1823 3510 2945 444 3080 4199 593 362 2914 2456 941 4974 921 4173
2628 162 2193 527 637 4625 1071 3067 4748 3360 25 4653 1483 4427 3998
2293 2108 2096 910 3574 4650 1845 4385 1839 3402 2461 3174 4893 4912 1346
2877 1706 1080 2487 4038 2233 2353 3194 3422 4518 2504 4348 3830 2934 3946
515 1879 1652 4885 1105 1884 4946 1917 4961 1825 531 4850 3400 3171 3584
3915 161 4659 1904 241 2094 2659 2725 2464 706 4770 2407 3480 4282 1212
4134 4354 2782 42 716 3347 412 4312 2651 507 4348 1937 1697 3443 2853
4343 3773 4405 4905 856 4407 570 3199 3910 553 1842 4410 388 4102 3396
4988 4881 2411 497 1689 56 1255 1934 2461 1092 2702 2886 4355 4506 2798
437 3313 2480 2979 4421 410 4870 1456 3107 4444 690 1537 877 2664 4975
1695 2844 3623 1177 1673 4525 959 4138 1282 4448 2986 810 628 4228 112
586 1057 3425 4054 428 2315 3980 3533 2352 4282 1456 1724 3342 4986 531
1958 3406 3229 2999 2097 1131 105 550 3500 4817 1195 962 3690 4405 4411
4831 784 2544 4785 3134 4487 3335 3435 3743 453 4899 4408 2295 3171 662
4350 4916 4940 1439 3767 931 1789 495 3560 504 3377 1773 3642 4353 3586
557 4235 4707 796 3868 4123 2275 1553 4364 1501 4495 2436 2981 1358 1542
4337 1351 933 2292 1797 1042 32 2732 2719 4435 2976 4338 1051 3458 4507
3269 4692 3836 1074 4779 4278 4019 3558 2956 4614 1137 3910 3019 1900 1460
2632 2493 1527 665 4073 2757 878 1555 1304 3435 4275 3184 884 918 3481
2591 37 1909 2987 3255 896 3032 812 2795 641 3564 4554 742 3073 1305
3872 1538 1372 2218 1172 1024 4979 2216 3382 3199 441 1525 571 4066 720
4651 4399 2187 1528 3928 2879 2055 3208 4021 1056 876 2163 4678 2062 2363
2971 2991 467 2812 1967 4614 33 1544 364 1690 648 18 2113 4165 4918
2184 2713 2594 1848 4536 3394 1794 1515 2582 1023 3168 4788 2615 175 3698
401 4679 3191 3955 4201 593 4651 3258 3169 1169 3075 156 972 2477 3033
3690 442 2934 1011 4516 2678 271 302 1820 4036 2812 962 1707 269 737
974 823 2834 2254 1120 2131 4336 500 1365 2191 3829 4651 4333 2028 4806
557 19 2658 687 2911 10 4638 3794 271 2370 619 3004 1911 2867 1994
2732 3930 2136 2943 4485 155 2864 4296 2792 3607 313 3922 4160 3279 1641
3979 712 4942 49 203 689 407 908 4460 537 2356 2903 2970 2277 2805
4157 3158 1814 3077 1643 2456 4888 3083 2998 1654 376 3138 3057 1710 1254
3209 1785 805 170 1484 832 3611 4241 4202 1554 3789 1853 3238 3020 4898
3 4302 3558 1282 2490 1392 391 1011 2823 3412 4200 3456 4235 1093 2317
2863 4872 3275 258 2867 4562 1827 1239 3151 1129 2368 3734 4755 3569 814
274 3348 920 4075 777 526 4378 4209 1230 2507 1820 2606 4763 3666 1441
4919 1506 4468 1833 2283 3873 722 590 2281 1841 1740 1139 1739 1250 4904
3116 1813 3000 3975 3368 3166 2287 2345 3970 2296 4650 4247 2210 4210 4846
523 348 449 542 4956 460 2778 853 4509 3340 4375 1786 3227 4099 1846
4564 2666 3417 645 2920 3392 544 1605 2063 2762 4950 2918 3135 2711 686
52 143 945 1161 383 1180 2383 1339 1759 3162 630 2220 2596 589 3483
2394 2208 1347 3850 1899 4453 2820 1628 397 1148 2115 2864 2988 4980 4558
3499 2943 1688 4495 877 1898 1552 559 4460 3417 2835 1531 1280 1464 4958
2471 980 3070 1863 573 973 1748 897 1210 582 1996 130 2179 4090 4337
3949 743 3424 4762 1348 3034 912 3048 3534 2254 2636 3298 2015 4005 1145
1757 4195 3681 2180 249 4034 662 3648 1995 885 3929 4102 1395 3371 4881
1090 2796 369 4910 2274 3293 4618 1459 1046 3423 3061 3699 3119 3095 2118
4241 1407 1063 2760 1786 981 739 3319 891 959 3002 3883 599 552 3247
3683 1096 1224 3353 1495 4783 1548 4509 2373 3154 651 663 3065 1110 4804
233 315 2268 4216 2042 1007 3245 4298 798 669 3728 3748 4395 3352 1227
219 3051 375 3970 2727 2573 1336 2826 442 4882 4944 2896 3149 1022 548
1206 3121 1894 1733 2743 2598 236 1620 3569 2162 2355 4442 606 1121 247
3622 2479 1338 112 177 1926 2169 3877 2653 812 3315 4798 261 3506 2623
4219 1358 4785 1272 2917 1959 2904 2190 2810 1955 2246 4278 1184 4820 2467
3346 2299 2909 2677 4342 1976 2832 4590 3768 1125 255 4755 2308 594 4094
4498 3908 564 2434 1213 3117 3707 2051 1983 2024 3117 1600 4062 1707 407
2793 552 4039 2228 4656 2707 3475 2351 3746 3612 3105 4533 1748 2775 2002
2549 1310 3074 4938 3384 3633 1218 281 831 906 2356 4789 3709 1639 2220
2888 2537 1457 1974 1836 1232 19 2546 1038 2216 1895 2723 1172 3387 943
3957 4047 38 2696 1247 4349 2432 445 55 92 3978 2787 4924 1148 414
4573 190 779 3139 4168 3799 1682 1690 3316 3697 3214 4144 4683 1634 771
4965 2122 1161 402 2836 2974 2550 1073 2122 909 855 1764 33 2934 2518
195 3598 3544 4908 1284 2507 1773 2600 268 1953 3134 15 3328 3423 2824
3900 1844 2530 3602 984 4508 3839 1705 691 1549 4125 588 3721 2079 518
4664 444 3973 4354 4840 4092 3480 1140 2952 1823 3453 3838 4900 3315 2142
3564 3212 1825 3172 2960 3230 2847 2467 1350 939 985 3893 4098 3632 1812
277 156 3496 3750 401 57 593 4159 2709 4181 4224 90 1916 4029 2252
2141 4926 4569 4181 2091 2083 4929 3219 3531 769 2971 1246 3607 375 1047
4595 922 4242 3690 3742 2903 3158 3534 4865 1472 4530 1793 1377 1548 2041
4027 2268 4433 1662 4679 1677 1555 4601 423 4025 2638 3809 3314 4076 1009
417 3180 3195 2633 562 1433 324 1705 4554 3800 1764 2091 831 4535 1058
4346 3500 1644 3058 3107 4218 566 510 3813 1575 3386 1250 4075 2605 918
2148 392 1111 4252 2194 632 2538 3360 2984 3486 1842 4388 57 4757 3009
2816 4637 3295 762 2524 1354 4860 4182 2318 3216 3304 3781 2279 2978 3811
4708 2332 3843 1415 4964 3490 3405 3868 3916 4840 4209 3149 3644 2960 2117
3820 1631 936 1086 4708 3958 815 299 777 2746 701 4369 4059 3830 2925
933 2120 193 211 2164 4265 4672 1281 3758 2370 4274 1733 939 1685 1336
48 4563 905 194 1766 1420 3246 4093 3924 3445 4461 657 4676 2077 2955
2236 31 2227 4409 4032 2211 1593 1824 2597 954 4589 348 3568 2554 1929
2515 42 1279 1609 2766 4943 1016 2473 1501 66 2730 1794 1244 3224 4036
4753 2576 4485 1555 92 4286 4843 4265 4744 1746 2115 3162 1838 2678 4652
467 286 2325 4634 1701 988 3450 3784 4385 3338 87 1551 4553 3759 2368
1467 309 1348 2334 4776 3689 3503 2711 1018 4307 4720 4822 1522 648 2484
3191 4055 2974 788 3506 857 1418 1494 1321 1441 3922 2418 1731 3126 2910
630 650 461 3969 4512 3050 1800 3116 3585 2415 4501 206 2302 1178 1397
2144 2525 4308 2969 2161 2676 813 4181 3672 795 3221 2361 1742 3525 938
997 1336 3683 1552 3522 3033 3889 627 3093 3981 1418 4934 3776 709 3644
1910 3548 337 1553 4798 1386 205 1118 3161 4365 4188 972 4155 1284 4277
4647 3231 3040 4831 2958 4029 4245 3453 3753 3335 4652 3577 4338 3233 807
3384 1483 1300 1836 324 4914 4590 2914 268 1975 4959 2200 2664 4247 3270
1731 2622 4858 2077 3099 4130 1216 4468 3601 3092 3139 2861 2087 1967 1611
1424 1010 4311 641 1088 2034 1219 1229 4930 2406 3577 3330 4080 2823 4839
915 3442 707 2226 4006 4924 55 3296 3850 1999 657 3080 1139 4256 3614
3738 2298 4520 1601 2490 1099 4444 4905 4880 4948 3373 712 2156 4236 646
1792 4904 2607 1790 4882 598 2798 4324 1373 4973 2723 2506 2405 2387 2632
120 3634 3862 3106 1911 4537 728 124 4014 1105 3239 1949 1013 59 1971
4262 3571 4007 2241 4650 1720 2757 2293 3756 2111 3133 4370 3760 4498 2506
222 1542 3626 2493 1924 4258 348 3155 716 4411 4565 4918 3433 1867 648
500 4002 68 2335 962 1799 2975 2546 4876 2179 4651 1567 1673 401 966
2030 4385 38 2969 3625 23 3437 4558 2481 3074 2814 4220 2603 2529 931
1332 2755 1038 2704 3509 3871 2033 2722 883 2458 2281 1913 4759 4371 1543
3528 4362 1295 3231 3664 3049 511 4848 3788 1327 4330 962 3186 1184 423
93 4851 4760 4262 656 3885 3708 1358 995 1898 3379 1050 3240 3099 547
4615 265 3872 3148 588 1411 2371 4196 3144 3556 3225 755 1535 3101 583
1684 2976 3551 1740 3579 2622 89 4011 1824 856 3786 3248 209 3101 4498
3060 3339 197 3654 590 2100 1790 2923 930 2309 3679 3911 786 34 3139
1009 2257 307 1525 416 4945 610 3505 4286 2803 1495 2803 995 533 831
2423 3012 3596 73 1124 2344 140 3100 3870 2460 682 2061 2295 3740 1150
3192 233 475 251 4642 4747 817 1402 445 4419 538 4155 981 1994 3822
1679 3598 4172 3132 4812 2105 629 673 2088 1481 470 1681 1043 1157 574
1608 3420 3893 1179 2061 3807 4851 4046 3310 1276 1978 1882 30 2264 830
192 424 3019 1448 3423 268 3455 3005 3978 2037 252 1979 5000 2715 1632
3134 4941 4047 575 1909 3330 2757 1285 4673 3918 4183 416 3416 1811 3447
4462 2548 4527 2163 1271 1834 3479 2144 4717 1946 3687 2365 3691 1617 2595
4869 4077 380 4336 2713 179 3560 67 3661 1375 1760 2673 2788 1350 69
2125 3368 1845 2958 1669 156 2939 2995 2916 4508 3108 1570 1679 2817 1252
3574 3713 3039 4918 1487 4397 2228 3180 2752 2228 3720 709 79 2759 789
1242 1080 4830 3410 1058 2049 2404 4890 4842 1379 538 4149 2348 3597 2364
2073 664 1962 3895 1161 218 491 3062 894 3071 2823 4781 4085 1092 4742
2908 3976 946 4121 1772 2763 3679 3528 3157 3448 3009 1460 445 455 2112
4627 4625 4760 4589 483 3765 2310 3106 1032 391 2891 1073 1447 4931 98
1817 3500 1952 505 4199 647 3578 3272 1950 4615 3877 4988 424 3931 12
3627 4480 4337 3317 2021 1476 2742 4482 3609 188 1347 1761 816 1018 553
271 2381 1036 2775 3691 2107 4890 2967 2019 3680 2603 1633 4175 839 336
4353 2971 2472 567 4827 103 2504 3107 3619 1717 2654 3671 1809 3069 962
2878 787 2045 1664 2782 4997 1121 3162 2038 2589 1282 1303 2965 4394 2909
3262 16 426 368 1451 2376 1223 1972 2432 2287 3312 4915 4410 2584 2934
1930 4539 3221 1289 1413 151 1996 2670 4554 3166 2433 3754 4507 4731 1404
912 2983 3150 3044 344 554 2649 4913 766 2566 2601 750 2209 317 709
3656 3059 4800 2857 1133 1179 1930 4897 3889 1289 1672 1190 1247 1829 2888
16 1692 4211 2597 4745 4811 581 77 1007 1746 428 953 2383 2215 915
847 1646 3094 4827 3937 4789 489 1992 22 3936 962 3984 471 3573 4304
2844 1298 1940 632 110 1517 2081 314 3860 185 2563 143 1473 2590 773
3590 3053 487 1591 4423 4457 394 4028 2847 2396 1052 1138 659 1142 1509
957 3723 680 4290 3350 1267 4617 57 4647 670 511 242 1728 528 1761
2033 164 1185 3167 2515 3927 1535 1177 3036 1290 316 3620 467 2937 1806
4686 4117 671 1005 1585 341 4237 3998 3753 3632 4483 220 3447 2684 2889
2281 1423 2641 486 4183 826 3253 568 3557 4965 4273 2376 3967 4340 4107
2325 2625 2546 1081 4730 4975 1768 3387 472 264 4166 2192 2624 1301 4329
4659 2239 3934 4619 788 4420 1090 2970 3514 2764 592 3468 3099 4510 2099
2900 2623 4725 3070 4672 1669 3619 281 4870 2817 1937 2105 4758 2466 894
1235 2360 1724 4424 333 2801 632 315 390 4979 2249 4565 1215 437 1731
2078 4036 2217 34 3671 1573 2465 3454 4972 1876 1915 3804 96 733 2358
978 4196 3016 3670 2825 4166 1038 3684 1833 2467 746 554 3128 2829 4304
106 64 2912 2440 4855 1526 4691 970 898 1023 3258 967 305 2353 4669
3136 2613 1779 4262 3113 3493 3470 4694 3886 4864 4604 4849 4409 1810 1975
2589 1065 4682 1321 1009 4054 1025 1352 2007 722 3009 3953 4101 2988 266
2144 4585 1656 1531 2497 2319 1658 1003 910 3672 1135 3784 272 2480 2241
4664 120 775 665 484 2123 2180 912 1669 916 2000 4104 488 1760 1579
1208 768 2543 3193 2484 436 842 3861 1101 2414 2078 1847 1853 3761 4635
3936 586 2929 3215 2609 4755 1222 4816 4516 3932 1896 1859 1550 3568 1352
4468 1696 1464 2622 4747 2713 294 1362 406 4557 1022 3287 2874 1968 2502
140 525 3639 12 1930 3855 2342 843 3749 687 1248 1594 3037 4879 3231
1021 3923 401 1374 1862 4948 4919 1059 1441 3849 611 4581 3127 363 104
997 3078 1259 353 186 3538 3202 460 2280 4199 513 3016 332 233 3856
1541 3761 2652 467 4580 1708 3571 82 1080 2872 4593 4704 609 1995 4281
3524 3583 518 4656 3273 3307 3692 3823 3358 1777 337 3268 1806 1704 207
3088 4661 4472 481 1418 3419 933 2341 1337 4091 2086 1300 2831 4898 1527
3549 3333 3157 163 1588 2719 342 1039 4406 4739 3196 356 1374 3489 1064
4674 4262 923 1839 4616 1762 4370 957 1196 435 624 630 565 2256 4179
1859 3637 2409 2260 963 684 1842 3463 4571 3493 2791 1774 969 1150 980
717 1028 4255 1643 1360 4402 812 4745 2940 4594 1206 2099 2679 2409 4557
4178 808 1241 802 229 3714 474 1299 445 4106 1050 2458 2013 2586 2944
3765 2233 443 1103 447 3670 1626 4802 3090 489 1739 3180 3614 1623 3791
3126 1111 409 1573 193 3163 1798 4991 2762 3641 4287 3338 2228 4364 45
4437 4405 253 3186 4202 995 1520 3360 2222 854 3415 4447 146 3906 506
3152 4274 4991 644 1351 4850 2259 1747 2909 3834 2558 1056 56 707 2672
975 1337 4783 4764 220 293 2328 4425 53 3776 880 2833 1491 3422 2961
1350 1000 3016 2511 2573 2349 3548 2159 4267 158 503 434 2281 1636 4300
2418 4366 4962 2496 923 1029 893 2097 4617 2188 193 1982 980 4808 2053
2603 3182 2865 3401 1578 267 1252 2797 1390 2032 502 2280 4317 4444 397
1401 2531 538 1558 1083 1122 4390 1986 4104 4296 582 3380 2955 2807 3614
2831 3450 4710 3277 929 4797 3906 312 3111 4567 4315 114 156 3904 2157
1289 2996 720 353 758 3498 4119 4447 1213 3356 2366 3068 2238 3906 2951
4136 2007 4620 2066 3194 4860 4922 3719 2219 4470 3851 2126 4239 3603 979
176 3575 1086 2626 1875 58 737 2102 1262 1382 3189 166 461 1743 309
2957 2775 3441 1689 3260 4647 4713 4135 1391 964 4922 1236 2985 4835 853
1393 693 2083 2162 676 2547 3671 3378 4756 3231 4577 4537 2284 4183 247
605 104 4387 668 3452 3227 3909 866 3936 1052 3520 4533 3245 4278 403
4898 689 3913 169 935 380 4687 1078 996 156 4536 3963 2160 12 911
4489 261 4468 1436 236 3581 2416 4472 936 321 2953 3985 945 3291 2861
1011 1038 2100 3438 2273 3184 3495 1297 3256 2277 3999 595 1234 2823 778
2784 4327 407 2490 4367 85 2949 995 2144 1465 4636 3672 228 2800 2306
3391 2796 3506 1005 279 3679 1344 4801 459 869 3944 4587 4578 2943 912
1075 4815 83 945 4798 1058 1718 2933 926 4323 2664 4025 2446 4947 2486
2214 4653 1425 3204 3108 716 1103 1940 746 645 3699 16 2616 1831 3602
2494 581 4857 3257 4291 1213 4204 3854 2475 596 455 1662 3917 3861 2310
4934 2226 2024 1857 4045 2622 2606 182 718 4384 2530 2553 187 3951 3418
3335 1473 930 1773 824 415 1991 2667 3812 1547 3887 461 4088 4214 4132
3793 1608 895 2135 456 269 307 2342 1439 2784 4433 1529 2080 3569 188
1827 511 1484 2438 3116 4065 3351 4796 1841 2493 3205 3892 3788 3191 1688
4395 183 857 3834 4934 3385 3980 3269 2991 425 1685 2635 1505 4507 4544
2072 850 1842 1063 643 4183 1649 4323 1804 2739 3798 2497 1523 1135 4294
2823 1124 2194 1785 2237 1540 4232 503 2892 1909 167 1005 3131 2913 3928
2211 2355 1533 894 2763 3681 4525 4809 4249 4659 4339 1028 3014 4514 1759
1787 540 2731 4529 935 4761 4919 975 3678 458 3275 222 1404 1704 1307
2739 3445 349 2578 4926 1715 2864 4376 2028 1342 2169 2297 3858 3000 4467
2212 3520 1604 303 3023 3690 1578 3510 1844 4096 2556 193 3735 2224 2956
3553 1250 2006 2847 371 255 4401 1565 805 3298 4113 2733 533 3474 670
1436 2433 150 3074 1519 4152 3447 2988 3978 2540 4287 1781 1085 3911 3599
3088 357 595 3183 2694 1745 4210 3287 4936 895 3138 311 3067 4965 3913
3015 1619 2700 4661 4249 1447 839 2506 2927 2109 4096 1137 4975 31 1777
1431 1264 194 1152 2798 4878 337 3797 1894 253 983 2692 4135 3714 1792
2521 511 3869 2739 1137 1892 268 3825 3673 4413 4978 3051 4830 2421 2514
2193 2001 1009 919 591 2531 2862 1090 3861 848 1100 1289 3906 502 2683
3768 1232 3886 3383 2568 345 3798 4906 3254 1915 2480 3066 1359 1573 1655
486 1564 4968 1127 102 841 4388 1542 727 1492 4822 4948 1257 2191 1008
274 1193 1354 940 3461 2433 3297 4985 1856 1588 440 1488 89 1674 4796
3111 3701 1336 1702 4512 1880 4001 3338 4934 4513 2937 376 369 3361 1102
4914 497 153 3143 345 3682 3375 2131 1543 96 599 4081 3722 2420 3379
4033 2804 4579 3776 3604 4551 2521 2654 4954 2728 231 3881 3039 636 2945
2818 2154 2684 4607 1547 2911 3001 4951 242 4673 369 1055 1591 4401 1324
3867 3247 2616 2163 1980 2373 4651 4351 2877 1294 4436 518 788 3602 1877
2176 4503 2272 3093 1217 3928 2094 1333 1979 4276 1485 2097 3153 2358 2495
4684 85 509 2366 1140 4949 1972 1679 1004 4724 1493 1139 485 1963 4156
2249 4297 1211 4318 3630 440 4553 1626 3185 1061 1898 1999 1499 2378 4655
4441 579 94 621 4764 3389 1455 4164 2033 834 198 4955 2959 2769 948
2611 4208 950 134 2347 1814 150 4439 1542 3993 3483 4735 1588 1974 4566
1765 2939 3076 452 4789 4810 1976 3289 223 3214 3164 3882 383 4191 1394
4186 2635 2353 188 2848 1770 1064 684 2220 1215 4330 4704 4384 922 2083
1937 1589 2086 3325 1624 725 4491 2750 3546 761 3955 4617 1578 2472 4174
3616 2098 3377 2388 2001 2637 1995 2837 392 1163 1659 1353 2880 1757 2216
1389 3014 371 362 3538 645 3861 4862 385 2869 772 1415 1805 4161 3313
3688 2665 4510 3209 3537 1230 3838 837 383 2484 3546 356 4077 3837 3836
785 1470 3128 4873 1133 4472 4928 4048 129 275 4801 91 2333 2841 4518
3397 3734 1804 280 755 1173 746 989 798 595 3053 4274 1169 2946 2640
647 475 2094 3752 4926 1071 2065 1793 2957 647 3719 3388 1422 1118 1780
3402 3472 2397 2556 3532 142 4728 4756 1469 770 4406 962 1444 4923 1407
2219 2671 4240 3418 2492 1521 3778 3927 3573 1561 1886 135 2124 4747 4801
4379 1491 4446 2000 1940 248 677 2887 4335 4448 4246 741 3167 4983 3101
4958 1944 258 2864 1197 4891 1244 1146 2641 3729 4747 2186 2455 45 120
1967 1343 2213 3223 2912 1441 592 4385 693 2818 85 3162 4195 3433 4255
2644 3241 4728 1471 3143 2523 3899 3347 1880 4208 1031 3402 2581 4655 3269
2774 3747 4468 1795 3498 180 2068 1079 3438 3202 143 3993 3307 2048 2569
169 2369 775 1731 1122 4568 4631 2203 3116 1404 3705 48 1011 2799 2943
798 3058 4392 4680 4688 3583 1701 3896 1829 2334 4124 1659 3156 1928 4605
4372 2106 2793 705 1970 252 328 3982 205 4680 1306 3590 3823 341 256
575 3870 312 2052 4296 1127 1851 480 1040 443 3929 2498 3402 3518 1380
4943 4399 2738 1373 859 3671 706 3601 4184 4621 4053 2608 2290 4304 4868
1288 901 3943 3861 803 4110 699 612 3392 526 1779 447 4298 4992 774
4550 3046 2216 1007 1872 565 2363 4990 1478 2287 4436 4779 4357 2396 2673
1783 1637 1290 813 4278 3910 2341 2740 3302 2493 1164 3846 2011 1826 3621
2890 266 1030 2082 3565 30 3881 1746 4368 4965 4643 3996 2339 2145 840
4954 1308 2152 3772 3237 4193 3522 2351 4453 3897 1699 256 4491 1193 3891
3790 514 1991 3764 14 2777 4240 3493 2568 3687 1522 1782 1253 900 3997
3465 309 43 1909 2684 2209 3002 4970 3031 329 2909 2368 3991 4438 837
2164 2925 1147 50 427 4428 4465 3152 538 368 2100 2229 1380 4958 1766
2152 2014 2770 3428 2910 3378 2751 2453 1909 3781 888 3264 3679 3206 1214
4454 3470 4167 2490 445 4161 492 571 3460 4102 4885 4135 2116 1281 4573
1479 1710 2277 4833 4773 1044 4666 874 504 3636 4226 3052 4758 2881 4372
703 933 1793 3243 1842 809 3678 4776 2986 931 4685 3227 595 4273 4285
2551 627 1852 4188 3704 4585 1566 3800 2573 221 4390 3213 492 85 1688
3845 3607 705 4616 885 4893 1351 1997 1738 473 3 3925 2944 2588 4851
3028 1805 2663 3133 4865 4279 865 3394 3186 2407 3034 2366 4003 1298 4635
2603 2746 545 2128 3541 3588 2039 2310 4215 4544 4270 957 2248 4923 1452
1574 4501 648 2143 4456 317 2380 798 4665 4763 547 4779 1010 2196 2284
4159 2325 4076 4467 2689 4836 1181 3778 2355 4510 1917 440 3378 2265 3246
677 1618 4758 4260 1075 388 1345 2940 3885 856 2862 3965 2811 4060 3138
3777 3651 2726 3590 4155 4760 4666 4905 2679 547 3865 2670 1224 4771 1886
3957 2270 2147 3083 1931 191 829 2046 2691 976 503 367 540 2274 821
4194 2725 4463 716 712 4913 2736 3312 2132 3058 1228 2373 4068 1582 3720
2474 2350 1891 215 1299 1027 4960 755 1984 2154 944 201 3248 4082 2891
1622 840 3090 2393 1854 970 4803 535 830 934 1721 3219 805 580 23
4673 513 2259 3951 4699 1408 2483 630 2593 2484 4146 4251 385 3127 1262
3519 2716 3321 2558 1169 435 4638 872 4928 1690 3309 4942 3147 3062 2805
2242 1410 4577 2857 1472 2290 1044 4131 541 194 2557 1197 1543 4487 4021
4321 4550 4987 1550 2132 3505 2263 1932 3718 1403 49 3848 2555 3012 1931
3174 3939 837 3674 2008 96 3656 1036 2687 4880 514 920 4415 3947 662
1225 3918 4963 2774 1423 1024 731 2127 4661 3241 1758 2534 4535 1621 694
4199 3491 4101 2639 774 59 2399 3481 2815 625 4455 4662 2212 132 2373
4332 977 73 2589 590 803 1058 1411 2405 4224 2664 3060 1883 1086 3433
3442 758 2014 3155 4431 2117 1242 4653 1340 3027 3031 881 601 3017 4959
2899 3281 4433 2306 1629 832 1101 1076 4344 1079 336 3708 3840 4976 1997
4545 28 3669 1335 2852 1405 1486 1329 3177 2628 348 2287 2235 1995 2832
4335 1170 1058 3017 3324 1295 3731 367 2018 4372 4900 102 3079 3378 519
977 3967 1944 219 4485 1433 3716 369 4981 4870 1784 3214 1248 2704 718
331 4157 29 3694 1933 4901 1048 1583 1551 2364 2064 1748 1334 2765 439
3661 3189 3783 4004 589 4254 1291 4985 465 3333 3274 2775 3365 1578 788
4323 600 4584 3604 507 272 3387 2022 622 703 2973 1283 3770 288 3549
1665 3983 1427 2292 2378 960 2318 3362 3209 1866 2266 3472 2711 3111 817
1335 2813 4509 1470 2578 3878 1632 834 2400 2236 461 4894 2532 2222 232
516 1333 262 832 1764 2210 1531 2166 1358 1853 2665 4302 1114 1337 171
2842 559 1539 1371 3543 260 3924 2346 3000 1621 1277 4716 4449 1219 3274
3834 4528 1938 901 2049 3256 1866 2909 2746 3785 2524 3978 2379 3033 3165
4315 3160 2771 3828 1709 3132 852 3676 2439 28 1575 2554 763 4661 2328
1826 2990 1327 351 255 3381 3600 3507 2032 1044 2806 1639 767 3390 1893
1383 4626 4364 2861 1255 1540 309 4479 759 3009 4404 650 1381 2452 4891
3011 1494 631 3572 4234 1812 2413 1613 4557 737 2099 1716 988 4788 1218
3399 835 4860 1346 4663 848 4276 4705 1139 4876 2789 4623 1031 1714 3995
2408 3208 4887 2229 2817 3637 327 697 3967 20 3547 1958 4967 1772 685
3013 536 2338 1331 453 3360 2248 2157 4766 2009 299 4750 2090 1426 3502
4249 4696 3143 2900 953 1392 243 1123 3161 1364 625 1760 8 4870 3381
899 4715 320 1634 2786 2557 4771 2797 1688 1091 3479 2573 3894 1586 4752
3253 274 3964 2816 157 535 631 1675 2784 3562 2433 3780 1605 3980 1627
996 3266 2810 2997 2796 1883 2529 2676 3111 1760 4988 2096 3000 3816 2956
1502 3124 1480 4293 2912 1339 1566 1660 4210 2930 751 4800 4034 805 4309
4850 3945 1979 1401 3407 1263 3298 2739 3250 2399 3620 3488 2750 2523 1484
2154 4352 271 1193 3883 1586 4734 2872 3640 4770 1046 821 663 1602 3778
2035 3972 1308 545 2471 2551 805 3398 4600 1651 2608 2629 3580 848 3471
1994 2810 4145 2510 3294 819 4667 4774 2068 4647 4049 2824 4703 4925 4825
2984 2932 3941 1113 4969 1327 696 1635 4559 3840 3283 4347 3923 760 2710
2285 2726 2883 3631 1986 3448 1125 3257 2924 1675 3409 2256 4561 2014 2478
813 4316 4265 3876 3922 4757 2927 3590 1381 1243 3755 3080 4321 3675 1489
3858 1158 4705 3459 3935 4103 4556 4868 712 960 205 2863 4675 3983 337
1555 4951 1539 2612 671 4290 3484 4069 689 1182 4371 472 2277 1309 3432
2403 303 467 3951 4142 93 2640 1985 1456 1490 2169 4126 519 4595 2036
2580 1633 3035 3492 3657 1570 658 650 4736 4160 4202 2425 2460 957 2884
3765 1119 2671 1097 82 2148 4762 1765 4714 994 2763 3170 2275 522 2648
1273 4007 2931 1249 1765 133 3289 1501 1285 1336 2096 1112 702 1409 27
2950 3508 3150 1067 4245 2307 3292 4359 1104 832 3698 4415 441 1410 2708
1177 1903 3038 327 2625 2434 655 3458 1098 1217 2299 2000 3678 356 4930
2352 1565 3672 2646 3693 1648 2642 2460 3208 4700 4195 1569 3524 1735 1702
4646 2476 2520 4492 4912 2448 4447 3787 2422 3167 2305 4001 223 2934 1854
3739 1544 442 2275 4037 2688 2481 4867 1544 236 1945 2854 600 4406 1658
3095 4318 4572 304 645 4380 3673 3717 4364 2859 763 4562 1494 3267 4035
3293 4694 4075 3761 3390 3142 1831 3401 1679 2981 1446 4699 4217 3169 870
2215 1688 2978 1859 2471 438 3384 2934 4859 3534 1125 4083 606 1561 2851
3349 4446 3731 3838 4271 68 1516 1405 1447 392 1347 1235 4095 2427 203
4714 1512 4024 3195 2657 707 2189 717 3102 3070 54 1488 107 902 3078
796 2922 721 4120 3824 1897 2338 4258 1596 2614 3915 1676 3320 4048 3155
2765 1839 1105 330 4059 3855 1233 864 2246 1652 1885 4179 4619 808 2033
1572 4732 3759 2808 2777 3177 3985 1646 3326 2355 4475 2604 2687 3914 2978
3466 828 89 4904 2886 682 1893 4404 207 1861 1104 2728 1155 2625 385
2479 4015 1013 1273 620 3234 3016 1332 2609 1689 999 1292 120 1780 7
3083 3515 298 2481 1406 2703 37 176 1636 2200 1306 4888 699 2086 4986
4848 1418 89 4949 4180 4452 3793 902 3400 1939 2129 4009 2626 4793 586
3688 4817 2820 4902 2157 3083 4370 223 3406 838 1313 4418 3219 2876 1230
804 3833 4401 2978 4447 4591 2697 2719 124 3285 4923 2003 2230 4074 4833
4013 340 1209 2010 1621 2348 3822 3753 3138 1872 4042 1907 2689 843 1465
3831 1372 4742 3833 168 4281 1634 1753 4881 2880 3846 1631 1247 4342 1193
3863 1969 1332 1570 4753 290 794 3829 3162 688 68 1961 693 3933 4854
2924 2820 905 1297 1469 4705 1280 2395 2520 4847 3853 1645 3345 3925 1722
533 4303 4444 1726 4880 2857 3361 1404 1678 2707 1782 2237 2160 290 542
3764 4253 1542 1843 4556 3332 1112 4934 4851 575 4140 1416 4074 3644 1092
1875 1295 945 4986 2803 1769 961 4111 3355 537 4173 3857 3273 46 757
31 1359 741 1018 341 2149 2944 342 1795 2379 3730 3360 830 2977 4177
633 19 2337 4414 4994 1247 3870 1199 1600 1161 4118 1112 3259 2256 2682
1589 3636 3255 599 3049 4568 1373 3972 3445 2355 628 1925 4414 4247 539
4907 1107 814 3288 3944 3123 452 100 4022 3475 4030 3218 4912 3133 2242
1315 1303 2333 3524 599 2318 4200 3608 3526 2112 4403 3019 4784 844 1633
3479 1493 4244 1062 2900 548 1900 2523 3207 4818 1627 425 1739 3604 2115
856 1127 1977 2407 2041 3928 1344 334 4294 3471 4256 4212 181 3794 3683
585 163 1218 4864 560 1518 4845 2532 1504 1774 281 2198 632 1745 1075
688 496 3493 771 4181 4147 2337 3738 2681 950 1907 2804 3816 1253 2703
4820 1323 1226 4941 3261 4415 4081 4438 274 4476 2539 3714 4174 961 4916
395 3916 2685 1320 3433 3326 4861 2828 2320 2072 1214 1850 618 2273 4989
4350 3001 2686 1944 3941 3083 422 4448 4583 1736 4958 2059 4298 2173 3339
1836 736 262 2033 2067 4328 3289 849 3574 2887 2422 3672 751 322 3282
1833 3778 1069 1390 4812 1504 1946 1180 136 1671 2756 639 1858 4151 3665
2485 2501 876 1187 932 2505 3121 1500 2306 4405 16 3903 3104 1209 2409
2888 3115 2624 60 247 989 2076 2702 3636 3900 359 2523 164 2749 2709
1559 1763 2514 2958 4288 2107 2616 373 3560 4081 3643 2689 3305 120 3676
121 4670 3380 1793 2279 3635 50 2701 3332 4119 1761 3109 2571 486 1805
3658 784 3689 2410 3388 627 1959 628 4305 1925 615 4281 3538 3787 2980
1876 1184 1473 1093 906 714 3379 3890 3104 1512 3780 4635 3897 3643 4541
3827 2637 560 4097 4055 3988 2602 2806 2149 4878 2767 539 3976 1615 3782
719 4547 2953 129 1681 4484 2206 4100 4222 3690 1056 2676 3068 1806 4216
1630 3777 1186 474 3343 2912 112 4942 1614 1395 4928 351 179 2860 4850
3734 2073 828 3249 285 2357 1403 2704 1553 884 211 73 3940 1167 4438
2938 3797 634 2074 1855 4724 1823 1587 76 2449 605 3787 4387 2689 1546
1460 2691 2197 1671 340 393 3307 3314 4475 4804 3982 4465 2749 2380 1495
13 4512 4129 1 4553 2545 3662 2641 1837 1479 2015 1624 4826 4104 4901
1224 1086 2397 1424 2653 59 3659 1974 1642 1871 4794 4396 62 4406 1273
1083 426 3346 4341 584 2742 2953 4884 2481 1652 2306 3542 2801 308 3755
3921 2468 3426 3455 2404 1903 3683 678 348 2025 873 612 666 965 1647
3908 3523 4088 1669 3228 3681 3870 3846 3365 1802 2210 2129 2405 4107 3876
3176 3102 1540 1615 789 231 1756 2766 1660 867 3918 1508 2578 4566 3508
4529 4595 4961 817 4980 3007 155 4677 7 1111 784 2079 2859 805 2803
198 3289 4009 114 2975 2545 719 2776 4485 224 2968 886 1623 2668 3167
4010 3252 2040 4869 3124 2970 954 1235 3344 4322 1797 1132 2349 2348 4525
740 230 689 1894 1826 2865 1478 3299 3650 2613 38 3227 744 1645 3407
435 4387 1899 3637 1358 20 334 4440 2194 733 682 4443 4163 4716 3888
1363 3147 1227 3142 1227 3568 4167 565 2400 236 4393 3463 2689 560 714
4471 3959 3937 4158 2410 2811 422 3413 2283 1438 2571 4351 213 4674 141
3384 4160 1876 1342 3579 3706 893 4541 2735 593 3562 4552 2842 1740 3202
4412 1639 2032 4051 2275 2908 2177 2871 1692 2038 4457 175 2947 3578 4242
4656 36 1978 1969 3435 3447 3337 2935 3281 2724 838 4107 4759 1179 3604
597 1328 2111 4010 4722 736 3594 3732 2240 3708 1042 1069 1880 3111 1383
3183 4333 4494 1879 346 1516 593 2099 246 3899 4283 1448 3164 764 2728
1430 3481 4257 2521 260 3465 2868 695 3360 3767 102 2450 4304 4838 1665
290 1125 3239 2626 3030 2156 4059 4106 3000 4887 4708 4558 868 2968 3194
213 1343 2322 211 2045 4507 4163 481 209 4070 1025 823 2467 3201 2717
1216 4854 2461 3243 3978 467 4335 693 598 4424 4609 2701 1760 1070 2114
2694 198 1958 807 2574 2441 4201 4463 828 4783 1207 2854 3208 1774 2831
582 922 3447 1304 918 2575 4467 1010 4520 2393 1819 4757 914 1309 3163
3972 3262 4198 4663 397 4297 2448 157 153 3350 2227 399 4722 2756 4811
94 2162 873 3759 4621 1180 4133 2564 326 4687 2046 138 324 4372 4025
3135 4725 1837 3623 3666 885 3721 3402 2127 2335 165 2143 662 2513 4189
3263 4509 1201 3935 662 4334 685 36 1472 2549 1514 763 3225 2816 2744
360 4536 3981 3214 2991 922 3415 776 650 557 4655 3612 3563 2076 3562
486 3014 2763 2181 2308 4635 1912 957 2013 1935 2566 1146 3401 961 3978
2604 2829 3338 1047 4720 30 135 604 4728 1374 1430 2390 3094 1374 4520
3152 4917 2254 1400 3231 1414 832 267 2339 1493 2055 4604 1653 3980 2532
4950 764 318 3628 2710 3263 3537 2285 2488 2685 1985 3863 913 3242 1129
46 3878 3667 3221 1330 3239 1860 3170 794 641 1194 1559 2152 3273 3683
4833 2456 3280 3625 3546 3299 1137 813 123 4819 3116 422 1130 3557 656
2502 225 1259 3670 2850 1480 3475 3417 1399 2278 3077 3993 4078 3837 2997
2754 2887 3111 1843 131 1367 2193 4905 2887 2424 1534 2546 4622 1647 3478
2432 3853 512 570 213 2043 4538 4637 4393 4505 4014 1558 4639 859 1545
3214 4374 4179 1602 808 1965 4899 3985 586 288 3157 323 4304 2677 2809
1950 86 4078 668 2657 928 4729 3609 3006 4512 3288 4325 3273 1155 4460
3565 855 664 3637 4604 4237 2227 3227 3335 3472 3008 841 1820 1179 1600
3343 4721 1614 371 628 3076 1613 82 1259 3920 371 427 2086 3669 4930
4927 3790 3347 3436 4762 657 2348 3674 1962 492 3079 3032 1196 4905 3297
360 1843 941 4022 4656 3705 1768 4524 230 146 350 408 4866 1001 1749
4543 1412 3464 3661 2698 3600 3182 591 1668 2497 2954 1725 1957 4618 628
12 4432 2907 4489 1779 4736 1794 112 661 4485 345 1506 63 3618 2240
4481 4935 195 820 2504 2306 4449 3016 4741 3904 4998 3415 1718 3654 207
2369 4357 2830 111 936 443 1188 4175 1933 1819 2180 2252 179 608 1443
4728 4139 3765 998 1298 3178 371 4053 3823 4224 3183 497 3191 843 1190
1881 4658 4502 3458 2664 1481 2448 680 1022 1810 562 467 3284 4516 2746
2935 384 871 1314 1137 3696 2831 4950 4154 2646 3150 3699 794 262 4682
2061 1215 3003 3754 2966 4651 3812 1198 4209 2656 3083 2791 3711 2583 3276
800 148 2414 1257 4613 4965 3991 165 4652 2524 3009 4214 3307 4417 2840
4908 3303 4383 2495 557 4695 451 2675 624 1562 375 706 4191 4817 3184
3762 3515 4012 2437 4291 1523 3841 4916 1986 4679 2173 2458 662 1080 127
1407 770 1313 750 3936 1102 2090 92 1549 4524 4002 2324 2948 330 4752
4255 2743 2419 622 4686 4006 207 2656 3468 3383 2218 639 2639 3525 3262
271 3571 4100 1598 2061 2569 1356 3343 1489 4462 2797 3130 1365 4000 3587
1945 4423 3152 486 989 4199 4404 1966 3716 446 1686 5000 1075 2693 3703
4104 1670 720 2067 4855 1922 1085 2880 1796 3101 4679 1116 2557 2714 2866
3707 4260 619 1191 3286 2397 2564 784 1572 3875 1525 1867 1212 2731 239
3816 69 2888 3288 3236 1868 4844 3868 249 603 4170 3100 1972 3393 3555
1433 2680 1065 4770 1649 4154 2461 911 2674 1511 420 40 168 2287 2231
218 1279 99 2613 3353 4225 2804 4588 3907 3228 485 4814 2214 1961 1178
3101 4801 3855 4195 798 2261 3019 2800 4920 3668 2576 1431 710 3401 4444
540 1706 3436 4853 3749 1454 2661 3470 2178 3400 939 3306 1239 1589 2231
637 847 998 2452 1401 153 2418 294 3857 2028 1049 2490 4876 4217 4623
2592 2070 1593 139 19 1024 1143 1234 4975 464 1993 2575 3428 1751 3468
4682 4173 652 2191 36 4003 2913 4108 2126 2199 4965 1390 3649 4504 195
4457 2280 2805 48 3427 2679 4143 4306 1653 4818 1530 371 4872 991 2183
979 838 1338 3306 5 1540 1905 1443 1283 3068 1408 526 12 1090 1400
84 3934 3604 436 2443 4188 270 1992 3351 3459 1028 1906 3729 3759 294
1906 2253 1500 4562 4850 2862 4902 1078 750 4912 4906 3552 1322 2022 1016
3149 2102 1029 4395 3066 316 1601 4643 2966 389 3988 546 3114 3852 4844
4565 3286 1802 1590 1818 4922 4891 1091 3134 1131 4493 22 3981 4288 4570
3593 539 3278 4801 1822 3774 2573 2768 1205 1210 1963 3448 1719 3074 3184
194 3830 776 3200 4032 4355 2332 1813 3829 2393 2235 414 599 2681 846
3668 3871 2687 810 3792 653 4383 4839 2048 940 1432 2752 2196 943 992
1837 1915 995 1419 2646 2204 1248 2429 705 3327 4809 4932 3260 1878 4277
3796 903 3510 3684 334 2039 3185 2930 4936 2191 3890 720 2104 239 3162
3103 3836 447 1879 3394 3762 1338 4112 2148 1579 2539 1010 2962 3145 4073
4366 2593 2056 2515 105 4943 1980 1474 3636 1940 214 202 4821 329 3071
4408 36 2698 2453 789 3363 2987 2509 1394 2890 4749 1512 3432 4590 417
3335 2284 3717 2082 3365 3375 1886 3382 1829 4777 4482 3589 1729 3952 4709
9 244 3520 881 933 2561 3754 4322 3263 3485 2822 801 1000 241 1743
3006 3315 1203 510 1665 707 1323 4034 175 4545 962 1140 2017 3957 3744
3796 4396 3987 844 3113 3825 602 27 4311 1527 3745 2347 3690 4866 4659
1784 182 2251 2024 4283 81 2243 4432 3244 1440 113 2182 3286 4226 3443
3669 679 1730 4875 2372 984 4737 1629 4432 1858 4987 3436 2691 3216 165
2143 3216 1 212 2839 1526 490 4232 1147 938 412 3048 4207 447 1262
4302 1093 1812 4644 2951 1020 1405 2901 1835 2860 1838 1852 3869 488 4666
700 23 4117 1800 167 4821 4401 1586 3142 2095 4304 2444 786 367 3773
1639 4223 3263 955 3668 1395 806 3531 2790 1705 2913 2741 2833 567 3194
3907 3762 2421 1532 212 2019 3371 1044 3525 344 946 4160 1354 2397 2899
3802 1515 4142 1764 921 4592 4 3565 3869 2230 3733 729 700 1244 1700
2070 4791 234 2977 3471 795 1737 489 3452 3482 2948 3606 2213 4775 827
3542 3071 4495 3947 193 777 1361 2395 2966 1102 430 1162 2126 1388 1613
2468 137 4228 2483 2147 2309 4651 4136 3791 2591 727 11 2647 4110 3593
4710 4873 3561 82 520 246 4036 519 1223 4954 3522 152 1777 3647 196
2215 324 3978 3795 278 1508 2033 3430 3693 2113 1594 376 3626 3183 1352
3726 511 4628 4274 3707 970 1337 4519 3889 4805 2679 1342 885 1494 2465
235 914 2037 2023 213 3355 2451 195 1092 3461 3660 569 3476 4070 4045
2190 4352 2725 4170 1502 1920 4328 3342 2801 1055 517 2430 713 3358 3500
3337 1180 53 4930 2030 282 3886 1705 2576 1546 216 4062 973 3997 2931
1261 4928 2262 4227 3867 45 53 216 2789 4349 2007 1703 2912 244 3449
973 3709 4485 3551 3702 3645 198 3649 1810 2357 2811 1319 4643 4489 662
1039 4768 4887 3265 382 1211 4026 2977 622 394 1449 1954 2843 3107 1513
1962 3838 290 1799 1155 2281 4906 2416 3133 3943 169 869 3490 3762 1505
202 2575 2671 3139 3813 4489 4002 209 4590 395 1220 1574 4054 3643 4646
509 4643 1615 4196 2694 3213 3188 2413 4546 1788 4636 4675 1436 1784 1977
284 2820 2834 1564 1065 2515 4650 1201 2589 3516 4895 3303 2631 2262 2103
1075 4394 4767 4623 1738 2171 4787 2809 3841 4740 1216 3059 3443 1002 3977
3400 246 4248 3412 4738 3419 1821 4999 4929 2463 2396 70 1137 1358 1077
4436 357 2539 2439 2263 4928 741 44 2150 2432 3801 333 3562 653 2716
3349 2456 729 561 4971 2101 3400 1931 1391 4069 231 3053 4364 2165 3863
4311 4153 4154 87 4123 2791 1149 1189 3185 1215 4128 110 3513 3945 672
3264 3005 886 4746 1227 576 4236 2929 520 1324 3004 4367 2244 4144 780
1192 2857 1980 262 2926 4509 4655 2762 1779 2302 3752 1387 4706 3529 3746
337 1701 2092 1409 804 3625 2370 489 3139 616 92 1511 3985 1576 521
4750 4374 4603 611 320 4606 172 3326 2800 1571 4011 1987 3967 2237 4428
3985 3822 2443 646 329 1833 1007 3032 2165 1424 4761 3224 1825 4504 2305
2930 1461 1711 1852 2358 1645 1788 4249 1128 4011 295 3361 489 4354 516
2666 2749 1310 840 4804 4189 1359 1094 608 2693 4466 3671 2643 2679 1989
4931 3507 4541 1748 4014 2412 1233 2786 1683 3817 1035 172 1050 1414 4993
1028 4879 493 2446 3437 221 278 4135 82 4874 3761 2570 2352 580 3529
3820 1224 4665 3478 3704 353 2835 1319 2467 2376 435 1436 1464 2990 2865
1248 3720 2447 1824 2144 2252 4342 1185 4663 4999 22 194 3486 3318 1634
1608 3902 4674 2957 1416 4223 2346 4860 10 1748 2434 486 127 3438 1958
1734 1754 563 1223 389 4917 1663 1625 2567 1011 3709 135 1489 2912 540
4793 2262 4634 1047 2444 3875 2299 2127 1077 953 2590 2979 3083 4246 3650
3397 418 3348 601 1143 2993 387 3943 1048 3309 1436 3337 3222 3031 4169
1622 4464 4102 1755 3225 3181 231 1796 4167 3071 602 4173 350 3237 1177
3441 3223 1212 637 1442 1275 3948 3991 2399 1399 4035 3694 2108 4413 605
4498 863 4734 2284 986 3042 3993 2572 3970 436 37 1796 4005 4195 3978
1641 3634 274 4708 2789 411 2157 4463 2932 2254 1965 812 4964 4393 728
873 3769 3217 1899 845 3065 968 3369 4730 4382 2821 376 3424 3123 4489
4787 2811 2244 2 3400 626 3020 3735 2292 976 1557 753 3383 1815 2714
2429 4403 2443 375 1347 4565 1175 1353 156 704 1212 2470 2226 2306 1462
436 530 2027 3576 2891 4050 3175 3669 1540 1306 4670 1095 4819 2653 4633
738 440 4220 2645 2408 1935 255 4823 3112 2976 3986 4980 1269 683 2669
3260 3480 4666 2230 91 4243 50 897 2015 3261 3650 4330 1956 4848 2259
4289 3089 4128 2763 4689 820 222 4025 2225 3654 143 4781 2638 1771 4778
3530 2009 1539 3470 858 351 4411 1299 900 4000 2756 1799 3448 854 2538
4024 3757 3161 2860 2262 3231 4612 3950 2993 1572 308 4118 3217 3527 3082
3843 408 4507 4507 81 2726 3702 1081 3707 3291 798 3729 3908 1458 8
198 1746 1223 4232 177 4333 4751 532 3471 4625 3301 3244 2784 272 155
4274 2461 2145 4016 4687 4334 2840 4880 3552 1395 2586 1358 4733 56 1177
4841 1329 2067 4439 1602 163 593 2832 3179 3555 3595 1168 1315 1980 2399
4317 4748 4339 3344 4763 2715 4351 4461 4163 316 1188 1387 3843 1043 4732
1184 575 4561 1446 1129 3009 4174 3331 1679 4385 1302 3948 3031 2457 477
4345 4039 1834 4085 585 4606 229 2899 2814 792 1485 4626 492 315 1650
4546 1913 1075 4014 3753 3477 771 3366 835 4139 858 3795 2405 2757 2023
1457 2798 837 330 4803 2711 3495 1558 2417 391 3630 1536 438 1993 4639
135 932 657 3956 2873 156 1816 316 1618 1629 4917 3995 809 4123 3585
3451 2521 3113 2699 4416 1181 1502 180 4703 4421 4093 4072 782 371 604
2709 1421 1534 1187 4936 219 3390 3125 1929 4133 4038 4521 3602 1196 4037
396 4109 2608 870 4669 1727 3941 1065 1304 460 112 4698 3216 764 1496
1596 4759 4124 1561 1215 4463 493 203 4201 4625 683 1053 1505 2333 1334
117 3558 3724 2320 4959 2930 890 1980 348 1758 3683 623 2763 3749 3986
3504 4006 1596 1736 440 3621 1138 186 1566 2915 4033 1226 4537 2328 3407
3915 4423 2196 2873 4524 429 4910 4895 1293 4512 4823 2864 3765 4573 380
3791 4713 475 4455 4342 686 2440 4237 3185 818 632 4104 2413 1625 1975
1455 3927 2350 4617 2157 240 3012 2792 2328 83 4532 136 1903 2501 1951
4180 700 3423 4821 3961 3183 4023 426 3045 415 4908 3912 1652 65 4807
4658 2788 4573 796 2818 2678 752 1793 2194 4884 700 1189 645 3868 1360
4619 1210 1444 2049 4565 3226 784 3174 4404 4523 4948 225 519 969 2615
763 918 1864 4194 3460 4857 3696 1646 162 1653 4939 981 4203 1319 865
3224 4485 3555 2104 740 1065 4078 3371 2833 849 1355 354 76 3054 1814
575 367 1034 3462 3323 2524 1826 2240 3707 4796 676 615 1589 711 2454
3229 3839 499 4211 2166 4261 850 2329 2767 4654 443 76 420 1704 2110
555 4933 4929 354 3284 329 1237 509 4689 3829 4507 2750 4383 3106 3930
4062 4345 2763 2345 4053 3401 3351 4576 2113 1091 2691 1291 2822 4120 2563
2559 1681 563 3265 2354 4291 1461 3612 2663 41 1631 167 3309 4586 1296
2839 619 3378 2676 1197 1699 296 4268 3026 973 4851 4309 1859 3740 1484
4808 2011 2374 1233 3665 2071 3994 1280 811 4175 4031 804 4097 4188 4212
1405 1023 4523 2844 758 244 3279 2134 2202 4117 4541 2166 509 2018 90
3238 373 1445 1491 1768 395 966 1589 4951 2963 3326 2177 1578 3847 3688
2729 3692 1178 4196 760 2795 3550 761 4740 2094 1815 676 1452 2553 2528
4486 1063 900 3876 408 1177 594 3504 4082 2940 2057 2946 3325 1630 2887
1920 2084 4128 4220 1826 483 898 2073 3010 2854 3394 4056 1505 543 3399
460 3955 1028 4501 2567 1929 3112 1736 1409 1815 490 3561 1161 722 1685
3250 3032 2825 2414 561 2545 2405 2172 1163 1428 2789 4140 4779 3127 1787
1021 3435 2645 2905 565 4326 2061 1178 352 4754 4428 4726 1796 2276 538
156 3161 1266 1710 482 4998 4990 4778 3968 4754 74 2817 1775 4955 4062
327 2796 1729 1108 3937 3602 39 33 3827 2497 533 2044 2489 4615 76
2561 4740 62 4937 14 2421 945 3331 612 821 3630 3627 9 748 871
191 3430 804 2688 1098 1136 3345 4515 4231 2371 323 1332 2108 1180 335
3491 3122 2509 3459 1092 2156 2399 799 4272 3417 4849 2127 3052 3179 1110
4186 4270 3407 4487 3065 4222 4750 324 1194 2378 3076 2730 1090 4996 4790
3066 1410 1024 3917 1501 2970 700 899 3898 438 1295 4594 2472 4195 3887
60 2502 3298 3253 1744 3927 3172 1970 313 4055 135 3190 3367 3399 223
1026 3892 2741 2174 1994 3949 1477 1553 886 4466 2029 4937 3111 3421 3571
808 4012 4603 3743 4877 3619 4613 520 1399 4508 2835 548 3089 1018 3497
2553 3747 1518 3648 1620 143 2090 2924 2345 1845 1219 1770 706 4804 2570
3211 231 789 3424 2218 1942 3320 3670 885 348 3426 3236 1530 4572 2012
4290 3258 2862 2506 4460 460 3487 2701 1057 2706 1191 1101 2121 2429 1348
2857 1967 1000 1280 971 3530 4576 54 209 4857 1245 2495 1363 3948 838
4717 298 2226 3308 2499 405 1683 124 796 3460 2951 2731 1376 2641 2003
1017 1014 3027 175 4137 1630 604 4685 3167 304 1176 3193 4280 851 4595
1694 1274 907 4225 1773 427 2644 1201 246 4893 646 3301 1652 4576 4898
4319 1687 1891 1272 451 1161 3965 2745 1358 4945 7 3704 4606 2566 4564
775 4882 3169 678 4911 4978 3485 4124 90 33 420 3457 4754 984 2601
1132 3709 2531 2829 634 4030 323 3846 3126 960 4072 2342 55 4464 4743
1223 3176 3732 770 2709 2857 3310 4895 1050 4315 3458 4547 1413 3730 1794
3804 4560 3440 592 3547 3595 2713 3321 2078 4754 1488 3497 2325 3246 674
296 3189 2850 357 841 3906 3191 3148 1856 4680 3319 828 3272 4948 3331
420 2442 4683 1614 2768 695 551 983 3037 2375 4150 384 3215 3095 3255
4417 3218 4917 4535 1776 1184 2895 1850 918 298 3159 2940 1714 2729 3332
1626 1949 114 200 4946 856 688 1818 2174 3941 2305 2993 2351 1327 4441
2265 1599 2804 2685 3570 3302 1546 2591 1308 1988 1713 2133 3895 998 2165
2778 2380 3322 2896 2572 3667 3537 2666 4086 1571 895 1372 2098 1139 682
4353 1845 499 4633 3236 4510 1562 2600 195 1377 1858 2112 2352 1394 1074
2837 1814 1767 3639 4667 944 2332 1671 697 4855 1199 908 2933 4167 413
75 4908 1129 2481 238 1902 3923 1111 4635 3541 503 1026 2339 3572 1001
96 284 2087 1802 1028 3566 350 102 3448 2441 1388 2873 2574 2135 1758
3469 3357 3759 3051 4988 4670 2853 1407 1090 3081 157 394 2154 4905 4405
3109 558 1722 656 1034 4222 964 3158 3663 1761 1608 4483 1854 3910 885
2317 4057 658 674 931 2100 1398 1448 3999 4299 2782 1092 1949 1930 3943
3836 1439 772 4891 1096 4963 4409 4046 4313 2814 1322 2072 2707 2728 3996
4228 2718 3374 848 175 2722 4530 3831 4624 4515 3145 3986 4172 1047 3232
1901 1432 3907 3857 3246 748 4802 573 1173 3327 1287 3963 2004 2921 3698
2947 2606 611 3394 598 3065 3553 3422 4907 3529 434 73 3284 4866 4733
4351 2520 3908 465 2895 3640 157 929 1549 4459 188 4003 4518 2547 2758
3028 3232 2742 4583 3178 2894 3387 2145 3305 2894 1588 4833 2357 3911 2310
4528 571 2444 3784 1377 4365 2104 1751 1076 343 3692 4751 253 2074 4569
632 852 690 1832 3287 713 4608 1259 3174 3398 622 3726 2033 4934 1421
2181 4437 91 1453 3266 2762 4937 1363 4162 4037 2065 401 3861 3992 545
1165 3191 722 3052 410 3375 2795 583 2720 1369 4156 473 2224 4401 1209
3220 1560 2595 803 4821 4923 1431 4536 2941 3052 9 201 4901 2773 3966
2277 373 1233 2733 3435 4287 3753 2485 1717 4254 4937 4848 1651 3809 2335
899 2053 1841 3940 4121 1587 3716 4728 4131 4536 4406 3018 4388 1128 3705
3977 4460 777 4555 3937 1730 3146 2826 3549 8 1626 1983 1553 771 4138
2070 3812 3228 4068 2445 3265 1047 4936 2034 3376 300 1485 4220 4330 607
2089 1521 1310 2474 2881 3524 2611 2560 2175 2833 249 16 3097 2273 208
2405 1804 1765 3150 3740 1361 3152 2148 1416 325 4783 181 2417 4666 3626
1676 4367 2260 845 3718 1702 2009 2936 3224 3549 1468 2001 4607 1990 891
2741 1407 1871 3681 3657 3434 3453 4656 1503 1964 4216 362 3813 4604 3644
1273 573 1065 39 2608 1820 4367 254 1854 1319 986 774 2647 2790 337
2812 2364 1452 4683 3367 737 1925 2838 4935 3766 3001 4516 2169 696 2913
2101 2613 1151 2406 3855 2957 175 2098 489 3931 141 242 3619 4688 2744
431 2523 3223 3716 1547 4782 1665 2831 75 2207 4053 2554 425 3674 3891
2829 3512 4792 1744 2800 2382 1378 536 4994 4050 4566 1031 4924 4295 1100
3841 2806 4471 4583 1769 128 4980 86 2874 3340 1540 26 47 2732 3257
4766 1422 33 2290 2699 1081 3469 2396 3286 892 482 1462 3360 366 1949
4355 1331 2680 4876 4905 3768 4496 3541 2292 4976 844 1931 4107 4402 1642
2501 273 2709 1757 263 182 1647 2143 261 899 3632 2855 743 562 4797
4788 3716 3828 3891 2102 4324 1997 3377 825 4043 3144 3350 4763 3541 485
746 3394 2770 3420 4547 2351 4890 3614 623 3415 2379 2200 3051 4393 3960
3620 4601 326 3657 2961 544 482 22 1958 2965 2707 617 3679 3205 2623
4632 4136 2154 3114 677 274 4145 2323 958 1472 3195 292 2035 4122 4226
1247 2178 4261 107 340 2344 2085 495 3913 3351 1667 4929 2493 2919 3571
2577 450 159 580 2371 4535 822 3115 2544 145 1020 1405 2527 4823 4275
4207 4833 4677 1170 2330 3293 3812 999 4766 3803 3164 3418 1073 1276 2061
1791 139 2234 1792 2807 1697 1018 2272 3117 2260 102 466 3663 3479 2886
2466 217 3172 778 2740 4733 4137 1373 1073 2045 637 3083 3032 684 2350
3626 4380 3179 2752 791 88 347 1317 899 4969 1871 4804 1198 349 3205
3744 4512 3108 2564 1948 674 3161 1126 589 2102 2412 668 790 3225 4710
4358 1190 948 1852 1111 634 1651 2128 125 847 469 189 37 535 4353
4840 2366 1210 1602 1750 2224 2438 4781 4139 4309 4339 2064 1790 4179 3031
4577 903 3279 1270 4606 1601 581 3108 344 3763 2292 2253 543 53 2595
698 4169 837 2600 3014 787 3022 3624 1055 4966 331 4096 3127 3650 4898
4345 4325 4913 3636 2979 1885 470 4717 1503 692 1078 4470 3639 2378 1061
1979 1277 2640 4842 281 872 4192 4268 3799 277 1528 1498 4387 209 1670
3256 4808 4865 2066 4925 741 840 2853 4265 452 3594 2893 4325 2579 1647
3124 2666 3953 3960 2646 1681 3007 2862 1776 4144 3880 3335 1357 3397 2993
4038 330 3726 3389 2408 3183 1769 1659 2151 1985 4504 796 4151 2170 4920
3456 2112 4279 4681 3944 678 669 3055 4379 350 3116 2032 3912 999 2870
4309 2860 517 2799 1931 4371 117 3615 660 2093 3571 3945 1066 4932 2935
4910 1346 2923 120 3307 4217 3464 938 208 3411 2702 3397 891 1593 3388
4069 4326 1318 2915 2236 2354 1839 1258 1253 4362 1493 1030 1839 3131 1171
3191 1075 1172 2369 1839 327 1556 3177 2177 2248 3970 300 4189 93 2756
1947 1423 109 2502 786 2163 4938 4764 3097 1407 3796 4951 4693 2380 1485
4181 488 404 1574 4300 4215 3583 2956 3121 4321 2950 3417 2973 1654 780
3013 2018 1938 2649 1706 3019 1849 2508 3134 3001 1862 1326 4106 3624 3075
4326 410 1064 4464 37 4530 1515 4376 687 1345 2092 2462 332 179 4773
457 3116 4343 4928 1628 3796 3967 99 655 3842 315 702 3297 3788 4384
4912 1108 3982 2329 2899 727 2122 1978 4991 214 1786 2311 468 1962 3906
1427 4565 4842 57 153 4671 3638 1353 2473 4976 4006 3478 261 2753 4407
4003 4511 2122 3945 4801 4896 3844 1329 1941 3777 1304 2536 367 2434 1776
2754 769 1059 532 1404 1240 494 2662 4018 3475 3792 3244 912 3336 2581
517 4186 2160 3704 765 341 2898 805 1743 4226 4050 420 688 2811 867
4736 4431 2164 460 3449 2833 4075 4718 4476 1299 1581 2190 4179 497 3216
3108 669 608 4211 4661 4440 2671 1866 3653 1502 1411 1050 1148 3923 207
4332 2127 483 1269 262 4163 3440 3718 4848 3264 3010 3122 2027 4201 3140
446 4405 2103 1952 4836 4942 127 2998 1978 3728 3686 4687 3832 2169 4271
4162 2504 4947 485 4187 3562 1828 1716 3039 1364 3811 4305 43 2181 4223
3343 1720 2327 1608 2918 1313 1729 4093 2940 3247 4606 3050 3448 2524 847
4809 3385 1295 1049 186 4115 1964 226 2748 4226 158 956 508 4417 300
459 4621 64 3867 2200 2070 3805 3121 1350 4747 3022 4912 1463 4440 2012
2518 2186 4331 4189 1282 2573 2151 3544 487 3715 104 4759 1205 497 3542
3008 3226 2552 431 3716 1128 869 3055 3201 4892 209 3324 2176 2130 4378
105 1794 1332 1891 4582 3208 4195 146 2044 1385 3244 1783 2270 2831 4340
3646 4084 915 3361 3037 4100 2148 1678 106 1885 973 1087 3269 2757 2957
1063 568 1509 3068 287 4432 2534 4741 1418 751 1381 759 3346 2031 1083
453 2953 1700 3189 3413 4555 2196 4963 2519 2694 1618 1560 151 167 4469
3688 930 3102 1396 3885 4687 3123 1327 2950 1014 2072 4819 4266 3906 4705
19 1659 2972 2686 1588 2233 2642 719 4495 2363 504 2252 686 3145 4112
2876 4814 2225 3212 2193 1329 4914 4977 4663 4845 1636 753 1513 4339 3799
4238 3159 2323 1080 4394 1088 4727 4760 2141 3333 462 402 1495 2086 2750
4524 1129 851 2280 1477 3380 2364 2264 4283 2221 4189 1242 2972 1204 4342
254 2977 137 3886 3584 50 3617 4598 3842 3820 2704 983 4472 2569 46
4484 2101 4349 1182 2064 4022 4089 4060 934 2715 3390 3091 4521 1189 3277
3146 969 4510 4564 3975 4849 2051 4037 391 4601 1725 2053 1147 453 1909
3143 1631 422 4921 4310 450 3167 2258 3046 2051 2032 3461 4564 4704 2127
4595 477 4071 2140 2110 2207 1432 4623 297 2385 3542 1449 691 2403 3929
4402 897 2950 3279 2866 3059 2488 2829 2421 1122 1107 2344 4781 3379 474
3314 1641 2194 3183 2313 2274 649 461 568 1584 1068 3859 2856 4973 1592
2700 157 1879 247 3766 2621 2905 170 978 4509 4296 3115 3279 343 3021
295 2523 4382 4694 771 3367 3133 2537 1819 3644 343 2424 1821 4992 3999
1187 3100 650 1798 3684 184 3633 3339 4746 4635 1515 4764 3333 19 1843
2705 2726 4392 4483 1315 356 4771 2650 2058 2733 4672 2880 1256 171 4504
3722 2869 794 3551 961 1320 3128 4654 1458 377 641 3819 2023 2267 1153
1960 1993 4875 3678 809 4 3261 3973 537 705 4601 2537 3569 2288 3992
314 1666 1486 3230 2027 3591 2838 2286 882 4431 3534 45 4511 1384 4311
4468 885 809 433 1701 4058 1946 2456 4607 4191 2141 3010 4701 216 180
1714 4218 351 495 4256 4056 784 4910 1196 3722 835 797 3368 2242 349
171 548 3077 3613 44 3215 4897 3262 3233 2443 3604 4854 894 104 2894
2 355 2885 1063 2219 736 980 3528 4786 2590 3456 2162 1880 4005 4638
2780 2622 1431 1076 1923 3598 44 4929 3241 2507 4848 4433 1206 3203 1938
868 609 2976 717 3969 4305 3730 4502 4790 882 4816 3713 3494 2306 1725
3139 4338 1203 4873 3578 4144 2663 1804 1374 2950 1727 4733 3002 4277 4760
4869 4605 246 3159 4298 2889 4760 2438 697 4148 748 4923 2997 1320 3141
4851 993 1531 618 4259 473 865 4724 4706 3978 3975 2564 789 2715 3652
4777 3793 4401 3342 77 1481 207 2805 1002 2177 4851 1700 2603 1727 2054
2751 424 4987 1097 2080 749 3168 4172 3194 572 4540 1799 1929 3638 3000
1822 2195 3657 2401 758 4736 2067 3251 1713 3920 4333 3697 3315 3003 731
1314 2905 674 559 3400 2579 4009 1471 2486 1459 3197 2089 1549 4943 4856
356 2450 2712 1638 3266 4985 3342 2109 4238 999 917 3322 665 1403 2485
4366 1494 3084 842 3213 946 3061 4154 1346 59 2732 4989 1739 2078 2665
786 1198 1376 1320 244 4793 3611 4693 171 3811 2735 1953 4212 2238 969
2915 4930 1208 1364 184 2132 3278 4657 2481 3387 3954 4180 3417 1779 1512
3438 2859 1 1938 3074 4192 4579 220 4681 3479 826 4286 3874 2300 507
4264 3003 836 4874 214 3142 4634 3444 2475 2195 759 1104 4241 47 4421
4379 3288 4563 3707 562 1709 4013 4251 3333 3475 2367 496 726 4343 3073
4340 1456 2559 4551 4501 4725 461 1277 3860 3289 2430 1378 4514 579 602
4521 4668 3287 2975 2538 2513 2992 878 548 4289 1847 697 962 3335 4585
1207 4161 3517 2148 212 2437 4597 934 2428 3957 2033 4232 3909 490 2958
256 340 4250 4536 2501 1279 1576 1097 4358 2392 2712 2108 1652 3375 1438
1404 839 2899 2965 4906 3023 4266 4447 1738 4862 3274 4463 1181 1663 782
2116 331 1816 1960 2929 3244 338 636 198 1825 2537 2632 2917 3541 2702
2519 1160 3949 3589 2275 1944 4833 3330 174 2413 1318 3961 1658 1520 1945
2929 4407 1825 2537 4525 2313 4311 4514 688 4718 2559 1814 1678 1896 356
3121 681 1637 3220 1991 3987 4000 4323 3713 1748 3198 2848 1808 1275 665
1191 4249 4627 3405 4447 3588 2839 677 3048 2388 3256 4292 2443 218 2779
3701 3645 4813 270 510 3605 950 2933 304 4213 3138 320 2346 3873 2750
3926 4048 194 2743 2199 4380 263 4178 3059 871 3191 2695 1595 2069 2366
1939 3482 1971 3976 219 2816 835 4305 4074 3130 702 4134 3905 1020 4557
3886 2892 2363 1853 3263 772 3246 4017 3672 4176 1179 4613 543 122 1685
461 1329 634 4116 4393 3854 1152 2774 1372 4639 1933 1925 2975 4999 2758
3698 3342 2328 346 3601 3943 2659 4747 2169 424 3554 1495 3952 3346 943
2885 4019 3550 1157 4546 1859 4608 377 4153 751 2998 2940 3614 4240 2184
714 2765 149 1260 2471 1080 3749 382 888 122 3315 3479 3902 3049 4046
580 2425 1662 644 3923 2369 2944 1953 1621 2757 4847 4407 1717 225 206
2447 2655 4720 250 33 3343 2949 4558 643 4692 4310 3416 694 3981 283
4418 1946 86 104 1572 2430 4494 451 980 2114 1867 3749 4293 4524 815
1526 254 1323 4192 2606 4956 4711 1525 1743 1509 3675 4760 1223 1090 3849
3663 2155 1097 1476 1595 4376 1090 2667 3778 2108 2680 4730 1225 1173 1562
773 3906 4365 725 1134 2014 4049 677 3334 4327 3322 659 110 1220 2438
3414 2135 1933 631 4048 1415 2905 1525 1386 4176 4750 3219 122 4147 16
11 3102 1948 1778 1892 2889 396 2869 3226 244 1619 1865 952 4994 485
3175 325 3143 1941 4001 601 3321 63 3874 508 3549 656 496 154 2577
192 1981 4411 2198 4989 529 3859 3501 3455 885 323 3251 2064 500 1814
2175 3262 3041 2725 1259 4849 4952 4873 2924 1299 663 1227 1019 4400 3909
984 3532 4960 123 2550 632 4518 2630 3490 1631 3870 2309 4555 550 4642
269 462 1013 2026 4221 4817 2619 4840 2797 2193 3705 4260 2720 2179 1537
74 4071 1092 4479 3370 729 2330 3170 1558 2872 2146 4719 335 643 2582
2295 1314 3963 224 3284 2593 3663 248 4654 119 2359 249 3073 1854 1034
2096 3931 1663 4771 807 3839 3248 2833 2917 292 1757 3228 1432 1963 4766
3170 3962 603 4861 1525 883 107 1657 4217 4413 3768 1246 791 2915 24
2728 2958 4962 1186 4587 1221 1401 3405 4035 3901 895 4151 265 3823 347
4721 1113 4082 1826 832 2871 4760 799 2445 2340 3213 949 4423 3124 1599
272 3835 3544 4275 3098 571 291 2497 576 744 4175 1169 2654 4966 1572
560 3809 225 1023 3515 3245 4258 2156 1447 734 4191 4260 4449 3232 2677
4451 54 3824 4592 4277 3400 2976 1974 275 871 1264 4339 398 1315 4390
544 3888 4150 2311 3034 276 3491 4152 3114 2330 1263 2612 1285 2076 2916
4026 4163 864 4102 2030 1812 421 2396 3696 4716 3707 1909 360 1232 1957
2113 4576 3055 139 4720 3032 550 70 2263 2450 764 4847 1401 1581 2305
1634 3531 1204 3379 4760 3238 844 4533 3338 1753 4180 3461 3507 3395 1968
2558 2723 2371 1662 3121 1692 4394 2877 1163 3320 3924 824 1545 1263 1787
4254 2818 2882 3129 1290 2030 1821 430 3665 3442 3067 3001 1715 2466 4098
709 2093 377 62 2901 3534 4355 2410 167 2730 826 4580 3948 2011 981
1912 978 794 695 2244 2620 2843 976 2955 316 3065 3626 1598 4299 4258
718 369 1398 2013 4709 4854 1063 947 2183 1865 3649 4301 1748 265 2059
1654 3386 4122 1816 1348 3197 970 1769 452 3153 3431 1734 3319 2263 4367
1388 4907 2987 4214 486 3758 3524 4209 1161 3618 4045 4498 2583 4182 3687
3576 922 495 1366 4683 1510 4548 1302 4289 3545 3607 4567 3301 3394 4781
13 4896 3485 691 991 4555 3926 3163 1895 3314 4887 3877 4871 1548 4168
2034 3535 3645 2835 2139 1066 2766 4374 2909 1967 120 619 428 3645 262
4580 4851 894 4513 4918 2595 981 691 4576 2133 3181 555 3466 3936 371
3264 40 2227 1206 3187 1146 1651 3679 2483 608 276 4325 1566 3530 1656
4576 1904 3458 1153 4111 3586 438 203 2118 152 2663 893 1290 1871 607
3160 1777 3369 1805 1498 2166 2832 4593 3759 2336 1492 2406 4147 2180 2803
3351 2235 891 2271 2347 3853 2368 592 1743 1404 2103 3028 626 4470 1697
1920 4999 3814 436 143 2183 2063 4838 718 2180 4756 2972 1204 1116 1307
3504 3616 1959 3534 4601 2493 4102 234 1025 3512 820 1358 1957 1597 253
2028 1802 693 1155 1267 3577 4937 546 255 4707 2912 3090 2543 3141 2856
2524 2606 1972 912 2855 2077 188 2180 3622 3766 3342 2162 1823 4006 2561
1252 2261 1903 2709 1437 4878 1605 677 202 4733 62 4503 4673 2222 1100
765 2794 1952 1882 2557 4161 1298 1912 1870 1748 1769 2869 3568 3674 4588
241 3863 2437 63 3400 4415 2969 2336 4537 3621 3319 3231 470 2151 919
4822 2314 4711 3076 647 2690 4482 4520 293 4075 1634 755 1407 864 3506
1904 4664 4224 4553 3656 4970 4266 699 3977 4508 114 3287 3451 3836 2406
4627 1437 1994 545 4993 573 2325 4234 4755 3661 1968 4703 782 830 4554
3013 2782 2240 1868 2481 4365 3437 4766 2534 1764 1651 2937 1654 1301 2050
1355 1093 2668 1657 3506 2070 2341 3768 986 4962 3846 1766 4496 4201 58
3076 1164 3667 2673 2021 1084 4033 1206 867 4489 584 15 3765 1738 2146
4447 1583 1138 1633 67 4570 1993 3903 3694 1956 2220 1560 4404 3088 142
2104 2989 1672 675 1861 263 349 1183 1071 425 681 1654 4991 859 2115
4909 1101 4354 3648 207 3296 4784 4705 3516 3472 616 3922 2324 1060 4167
4123 2131 1445 2056 3542 2116 4318 2294 3237 1651 1694 447 4728 2760 2876
444 4059 4557 588 3638 3106 1180 3698 3005 4904 3609 1675 2852 516 3518
4200 4635 1123 3509 4425 130 4484 3027 3608 2701 3216 3401 2046 3290 974
3250 4006 2297 3164 674 3011 995 920 2125 4359 4917 575 2019 990 636
1597 2720 3107 4419 1392 1393 4468 2480 3471 2221 4629 1295 2831 3950 4872
4910 3442 3461 46 3884 3643 480 2379 915 2530 4926 4944 4637 1153 3633
3328 3298 3603 2807 658 3790 973 4096 2008 3772 158 888 4141 3949 3084
4931 1224 2770 509 4520 4566 2557 757 3627 2846 3672 94 957 4572 1779
2452 1230 598 2948 2361 317 2657 2515 2828 3294 4656 3262 2743 2697 1140
3440 673 1861 4829 962 4639 2854 2780 1746 3365 3456 1110 1869 1414 2515
765 4709 337 3227 615 3517 2136 2088 717 2461 465 1797 1806 203 184
1952 2050 3998 3657 1516 1297 1546 853 603 3714 1107 1589 933 2010 1507
2705 4973 2857 2178 3301 1551 1914 3119 1098 4000 710 304 68 38 2577
3969 2220 2485 1704 3441 1147 2308 3486 3766 2269 3603 4623 414 4523 2915
4252 63 4251 2028 308 4152 2674 2763 2845 987 88 4529 2128 1648 1005
3212 1448 1718 29 1033 3780 4990 4031 1870 3042 783 1115 4795 468 1053
4998 545 1141 4125 1929 3094 1390 2334 1197 543 4782 1814 3660 3053 639
3268 923 32 1504 3565 2738 2361 489 3371 432 2327 1538 3320 4354 544
2472 1121 3008 3518 1691 1516 1267 3799 1140 3015 3594 643 4752 3294 1949
4220 4163 3348 742 101 3930 3332 2745 3556 1196 1652 2588 22 544 2984
58 2608 65 698 2906 4560 3710 4776 455 4455 4482 1940 4784 857 3229
1760 4872 1187 4090 4587 4571 713 3908 2654 253 2216 829 1358 1198 719
2883 4589 963 4738 867 191 2942 863 4356 618 370 1235 1822 2124 384
52 71 4418 2897 4598 1404 501 4075 3426 600 4294 4118 2477 2478 3273
1807 396 83 420 3305 1954 3847 2877 20 458 2186 3554 2929 4492 3359
2940 3746 607 95 2115 1459 894 4523 141 4538 90 3600 2224 3850 2634
4308 1431 1987 1989 3226 1135 3268 4711 1096 3670 4181 4052 2611 2588 1479
1708 4167 1155 2051 392 1794 890 383 3967 4896 1397 2262 1820 3901 2939
4679 2386 529 3691 2064 3895 1574 1929 1783 1538 522 2894 263 519 2161
970 3628 3638 3042 2890 4943 4233 1283 4746 4217 3552 2075 3618 577 3728
3116 1813 2795 1545 2188 776 2722 223 3920 3664 1390 886 139 4408 3347
4762 1835 2893 312 965 3052 704 806 4749 2695 2747 4685 2516 2814 4651
743 1584 4368 4534 863 3604 3505 743 4234 178 464 2121 641 113 1001
1674 4245 1058 351 3812 2740 1806 2548 4867 4441 3006 3299 2811 2188 2069
4018 1742 107 4091 147 194 1911 1587 4487 4572 2100 2908 614 2412 3193
3240 1715 2527 369 4084 1090 3476 1224 508 733 3723 3829 464 1651 1604
3912 112 3977 3884 389 4774 4934 2088 2627 1209 4179 3962 982 761 1244
2172 1880 4137 3393 4980 2497 1358 1962 1498 2224 4160 3992 4329 1189 4472
4890 2642 4237 4624 806 4913 705 286 2370 4442 1846 900 1033 1637 3414
4957 1261 1972 3627 1761 566 1534 1496 2551 1088 1588 3320 3517 3727 3008
4694 334 1728 4856 3159 3091 1141 1503 216 3385 3754 4925 2328 4465 2235
3316 456 758 2466 946 4918 3156 2901 2629 1922 3362 296 3191 4731 221
4423 1126 2485 1122 1434 4838 1623 4445 998 807 2895 2477 1950 163 2757
2167 2127 4307 3599 2494 2372 3670 1780 2410 2448 3184 4038 4008 4707 197
3378 3939 3695 2141 2120 2797 3676 1833 3268 1077 4559 4385 3500 3040 210
1592 435 1038 4092 2839 2044 138 1503 1828 4286 2863 4899 987 2341 3879
1569 2413 1046 976 4255 1384 3459 434 3716 3838 569 408 52 631 3485
2063 490 730 2641 2606 3161 4035 258 1519 1193 604 1934 2567 4503 399
2531 3037 4223 2232 1978 364 3789 659 2927 454 4505 1292 2749 2488 1119
384 880 4260 4084 4373 1877 3424 1043 4260 266 3434 976 334 4728 2623
4974 1617 1245 982 303 1500 125 1977 2448 4362 542 117 2725 843 3424
4502 2852 3519 4457 3144 1658 443 3755 1956 3075 3362 4413 1618 4037 3345
3474 3103 4908 3780 4417 4717 410 2607 1413 1142 1131 725 4665 2322 195
4376 2339 904 300 3340 1305 4131 3047 197 2398 3766 4490 4811 2794 3283
2339 855 3712 3084 2341 1334 4726 877 1333 765 4475 2394 1537 4884 2413
1552 2717 1988 290 3338 457 2954 690 637 2709 4681 2254 3000 668 1565
3524 2293 906 4961 1610 2965 3187 3340 4951 4177 4618 2058 3720 1322 1971
4387 3907 3137 1849 3168 3842 674 4128 4742 3144 4042 2632 2787 2731 2528
901 597 4547 3618 4881 1197 4072 3468 3477 3858 300 2655 1742 1935 4020
2746 1816 207 1110 1778 581 2773 4496 2449 1418 1400 257 3483 2759 4914
3870 1694 3568 636 2869 4620 2624 797 2683 842 4401 3433 3058 3085 2842
575 1209 3669 3361 1686 3693 2499 27 1977 1229 392 2313 269 3208 295
1660 894 931 2549 23 3656 170 1710 2227 163 2765 521 3735 222 155
3896 2294 3190 1103 4728 4271 1449 519 754 4117 4938 330 77 639 4247
3539 489 2850 1015 4484 4779 2425 2086 2956 2827 4909 2844 4255 561 348
1501 3386 4765 2869 2568 2743 4523 2276 2652 2700 2932 4141 4381 55 880
754 571 2208 340 3873 3505 2051 2941 1873 933 4898 4678 4788 2884 3946
4507 3857 2794 1303 949 2393 4844 823 2935 2874 3838 4075 2433 2762 1623
